1 0C 01 01 00 15 00 00 00 2B
1 01 00 01 00 10 06 00 00
1 01 00 01 00 18 06 00 00
1 01 00 01 00 10 06 00 00
1 0B 01 02 00 15 00 00 00 2C 0B
1 01 00 01 00 10 06 00 00
1 01 00 01 00 18 06 00 00
1 01 00 01 00 10 06 00 00
1 01 00 01 00 18 06 00 00
1 0B 01 02 00 15 00 00 00 2C 03
1 01 00 01 00 10 06 00 00
1 01 00 01 00 18 06 00 00
1 01 00 01 00 10 06 00 00
1 01 00 01 00 18 06 00 00
1 0B 01 02 00 15 00 00 00 2C 05
1 01 00 01 00 10 06 00 00
1 01 00 01 00 18 06 00 00
1 01 00 01 00 10 06 00 00
1 01 00 01 00 18 06 00 00
1 01 00 01 00 CC 06 00 00
0 01 01 01 00 F8 06 00 00 06 00 00 00
0 01 01 01 00 CC 06 00 00 01 00 00 00
0 01 01 01 00 FC 06 00 00 0A 00 00 00
1 01 00 01 00 10 06 00 00
1 01 00 01 00 18 06 00 00
1 01 00 01 00 10 06 00 00
1 01 00 01 00 18 06 00 00
1 0B 01 02 00 15 00 00 00 3A 03
1 01 00 01 00 10 06 00 00
1 01 00 01 00 18 06 00 00
1 01 00 01 00 10 06 00 00
1 01 00 01 00 18 06 00 00
1 0C 01 01 00 15 00 00 00 2B
1 01 00 01 00 10 06 00 00
1 01 00 01 00 18 06 00 00
1 0C 01 01 00 15 00 00 00 3E
1 01 00 01 00 10 06 00 00
1 01 00 01 00 18 06 00 00
