1 01 00 01 00 10 06 00 00 
1 01 00 01 00 18 06 00 00 
1 0B 01 02 00 15 00 00 00 2C 0B 
1 01 00 01 00 10 06 00 00 
1 01 00 01 00 18 06 00 00 
1 0B 01 02 00 15 00 00 00 2C 03 
1 01 00 01 00 10 06 00 00 
1 01 00 01 00 18 06 00 00 
1 0B 01 02 00 15 00 00 00 2C 05 
1 01 00 01 00 10 06 00 00 
1 01 00 01 00 18 06 00 00 
1 01 00 01 00 CC 06 00 00 
0 01 01 01 00 F8 06 00 00 06 00 00 00 
0 01 01 01 00 CC 06 00 00 01 00 00 00 
0 01 01 01 00 FC 06 00 00 0A 00 00 00 
1 01 00 01 00 10 06 00 00 
1 01 00 01 00 18 06 00 00 
1 0B 01 02 00 15 00 00 00 3A 03 
1 01 00 01 00 10 06 00 00 
1 01 00 01 00 18 06 00 00 
1 0C 01 01 00 15 00 00 00 2B 
1 01 00 01 00 10 06 00 00 
1 01 00 01 00 18 06 00 00 
1 0C 01 01 00 15 00 00 00 3E 
1 01 00 01 00 10 06 00 00 
1 01 00 01 00 18 06 00 00 
1 0B 01 02 00 15 00 00 00 3A 02 
1 01 00 01 00 10 06 00 00 
1 01 00 01 00 18 06 00 00 
1 0C 01 01 00 15 00 00 00 2B 
1 01 00 01 00 10 06 00 00 
1 01 00 01 00 18 06 00 00 
1 0C 01 01 00 15 00 00 00 1B 
1 01 00 01 00 10 06 00 00 
1 01 00 01 00 18 06 00 00 
1 0C 01 01 00 15 00 00 00 1C 
1 01 00 01 00 10 06 00 00 
1 01 00 01 00 18 06 00 00 
1 0C 01 01 00 15 00 00 00 2B 
1 01 00 01 00 10 06 00 00 
1 01 00 01 00 18 06 00 00 
1 0C 01 01 00 15 00 00 00 1B 
1 01 00 01 00 10 06 00 00 
1 01 00 01 00 18 06 00 00 
1 0C 01 01 00 15 00 00 00 1C 
1 01 00 01 00 10 06 00 00 
1 01 00 01 00 18 06 00 00 
1 0C 01 01 00 15 00 00 00 2B 
1 01 00 01 00 10 06 00 00 
1 01 00 01 00 18 06 00 00 
1 0C 01 01 00 15 00 00 00 1B 
1 01 00 01 00 10 06 00 00 
1 01 00 01 00 18 06 00 00 
1 0C 01 01 00 15 00 00 00 1C 
1 01 00 01 00 10 06 00 00 
1 01 00 01 00 18 06 00 00 
1 0C 01 01 00 15 00 00 00 2B 
1 01 00 01 00 10 06 00 00 
1 01 00 01 00 18 06 00 00 
1 0C 01 01 00 15 00 00 00 1B 
1 01 00 01 00 10 06 00 00 
1 01 00 01 00 18 06 00 00 
1 0C 01 01 00 15 00 00 00 1C 
1 01 00 01 00 10 06 00 00 
1 01 00 01 00 18 06 00 00 
1 0C 01 01 00 15 00 00 00 1B 
1 01 00 01 00 10 06 00 00 
1 01 00 01 00 18 06 00 00 
1 0C 01 01 00 15 00 00 00 25 
1 0C 01 01 00 15 00 00 00 1B 
1 0C 01 07 00 15 00 00 00 1D 
1 0C 01 01 00 15 00 00 00 26 
1 01 00 01 00 10 06 00 00 
1 01 00 01 00 18 06 00 00 
1 0C 01 01 00 15 00 00 00 1B 
1 01 00 01 00 10 06 00 00 
1 01 00 01 00 18 06 00 00 
1 0C 01 01 00 15 00 00 00 2D 
1 01 00 01 00 10 06 00 00 
1 01 00 01 00 18 06 00 00 
1 01 00 01 00 18 06 00 00 
1 01 00 01 00 10 06 00 00 
1 0B 01 02 00 15 00 00 00 2E 04 
1 01 00 01 00 10 06 00 00 
1 01 00 01 00 18 06 00 00 
1 0C 01 01 00 15 00 00 00 2B 
1 01 00 01 00 10 06 00 00 
1 01 00 01 00 18 06 00 00 
1 0C 01 01 00 15 00 00 00 1B 
1 01 00 01 00 10 06 00 00 
1 01 00 01 00 18 06 00 00 
1 0C 01 01 00 15 00 00 00 24 
1 01 00 01 00 10 06 00 00 
1 01 00 01 00 18 06 00 00 
1 0C 01 01 00 15 00 00 00 1C 
1 01 00 01 00 10 06 00 00 
1 01 00 01 00 18 06 00 00 
1 0C 01 01 00 15 00 00 00 37 
1 01 00 01 00 10 06 00 00 
1 01 00 01 00 18 06 00 00 
1 0B 01 02 00 15 00 00 00 2E 06 
1 01 00 01 00 10 06 00 00 
1 01 00 01 00 18 06 00 00 
1 0C 01 01 00 15 00 00 00 2B 
1 01 00 01 00 10 06 00 00 
1 01 00 01 00 18 06 00 00 
1 0C 01 01 00 15 00 00 00 1B 
1 01 00 01 00 10 06 00 00 
1 01 00 01 00 18 06 00 00 
1 0C 01 01 00 15 00 00 00 2D 
1 01 00 01 00 10 06 00 00 
1 01 00 01 00 18 06 00 00 
1 0B 01 02 00 15 00 00 00 2E 05 
1 01 00 01 00 10 06 00 00 
1 01 00 01 00 18 06 00 00 
1 0C 01 01 00 15 00 00 00 2B 
1 01 00 01 00 10 06 00 00 
1 01 00 01 00 18 06 00 00 
1 0C 01 01 00 15 00 00 00 1B 
1 01 00 01 00 10 06 00 00 
1 01 00 01 00 18 06 00 00 
1 0C 01 01 00 15 00 00 00 2D 
1 01 00 01 00 10 06 00 00 
1 01 00 01 00 18 06 00 00 
1 0B 01 02 00 15 00 00 00 47 01 
1 01 00 01 00 10 06 00 00 
1 01 00 01 00 18 06 00 00 
1 0B 01 06 00 15 00 00 00 0E 00 00 AF 01 01 
1 0C 01 01 00 15 00 00 00 13 
1 01 00 01 00 10 06 00 00 
1 0B 01 06 00 15 00 00 00 0E 00 00 AC 01 01 
1 01 00 01 00 18 06 00 00 
1 0C 01 01 00 15 00 00 00 13 
1 0B 01 06 00 15 00 00 00 0E 00 00 B0 01 01 
1 01 00 01 00 10 06 00 00 
1 01 00 01 00 18 06 00 00 
1 01 00 01 00 CC 06 00 00 
0 01 01 01 00 F8 06 00 00 06 00 00 00 
0 01 01 01 00 CC 06 00 00 01 00 00 00 
0 01 01 01 00 FC 06 00 00 0A 00 00 00 
1 01 00 01 00 CC 06 00 00 
0 01 01 01 00 F8 06 00 00 11 00 00 80 
0 01 01 01 00 CC 06 00 00 01 00 00 00 
0 01 01 01 00 FC 06 00 00 F1 00 00 00 
1 01 00 01 00 00 08 00 00 
0 01 01 01 00 00 08 00 00 07 00 00 00 
1 01 00 01 00 00 08 00 00 
1 01 00 01 00 CC 06 00 00 
0 01 01 01 00 F8 06 00 00 00 01 00 01 
0 01 01 01 00 CC 06 00 00 01 00 00 00 
1 01 00 01 00 00 08 00 00 
0 01 01 01 00 FC 06 00 00 F2 00 00 00 
1 01 00 01 00 00 08 00 00 
1 01 00 01 00 00 08 00 00 
1 05 01 02 00 35 00 00 00 14 1F 
1 05 01 02 00 35 00 00 00 15 EC 
1 05 01 02 00 35 00 00 00 1C 49 
1 01 00 01 00 00 08 00 00 
1 05 01 02 00 35 00 00 00 1D 00 
1 05 01 02 00 35 00 00 00 5A 01 
1 01 00 01 00 00 08 00 00 
1 01 00 01 00 00 08 00 00 
1 01 00 01 00 CC 06 00 00 
0 01 01 01 00 F8 06 00 00 0F 00 00 00 
0 01 01 01 00 F4 06 00 00 00 00 00 00 
0 01 01 01 00 F0 06 00 00 00 00 00 00 
0 01 01 01 00 CC 06 00 00 01 00 00 00 
1 01 00 01 00 00 08 00 00 
0 01 01 01 00 FC 06 00 00 10 00 00 00 
1 01 00 01 00 CC 06 00 00 
0 01 01 01 00 F8 06 00 00 10 00 00 00 
0 01 01 01 00 F4 06 00 00 00 00 00 00 
0 01 01 01 00 F0 06 00 00 00 00 00 00 
1 01 00 01 00 00 08 00 00 
0 01 01 01 00 EC 06 00 00 00 00 00 00 
0 01 01 01 00 CC 06 00 00 01 00 00 00 
0 01 01 01 00 FC 06 00 00 10 00 00 00 
1 01 00 01 00 CC 06 00 00 
0 01 01 01 00 F8 06 00 00 12 00 00 00 
1 01 00 01 00 00 08 00 00 
0 01 01 01 00 F4 06 00 00 00 00 00 00 
0 01 01 01 00 CC 06 00 00 01 00 00 00 
0 01 01 01 00 FC 06 00 00 10 00 00 00 
1 01 00 01 00 CC 06 00 00 
0 01 01 01 00 F8 06 00 00 13 00 00 00 
1 01 00 01 00 00 08 00 00 
0 01 01 01 00 F4 06 00 00 78 00 00 00 
0 01 01 01 00 F0 06 00 00 00 00 00 00 
0 01 01 01 00 EC 06 00 00 08 00 00 00 
0 01 01 01 00 CC 06 00 00 01 00 00 00 
0 01 01 01 00 FC 06 00 00 10 00 00 00 
1 01 00 01 00 CC 06 00 00 
1 01 00 01 00 00 08 00 00 
0 01 01 01 00 F8 06 00 00 14 00 00 00 
0 01 01 01 00 F4 06 00 00 01 00 00 00 
0 01 01 01 00 F0 06 00 00 38 4A 00 00 
0 01 01 01 00 CC 06 00 00 01 00 00 00 
1 01 00 01 00 00 08 00 00 
0 01 01 01 00 FC 06 00 00 10 00 00 00 
1 01 00 01 00 CC 06 00 00 
0 01 01 01 00 F8 06 00 00 16 00 00 00 
0 01 01 01 00 F4 06 00 00 01 00 00 00 
0 01 01 01 00 F0 06 00 00 01 00 00 00 
1 01 00 01 00 00 08 00 00 
0 01 01 01 00 CC 06 00 00 01 00 00 00 
0 01 01 01 00 FC 06 00 00 10 00 00 00 
1 01 00 01 00 CC 06 00 00 
0 01 01 01 00 F8 06 00 00 17 00 00 00 
0 01 01 01 00 F4 06 00 00 01 00 00 00 
1 01 00 01 00 00 08 00 00 
0 01 01 01 00 CC 06 00 00 01 00 00 00 
0 01 01 01 00 FC 06 00 00 10 00 00 00 
1 01 00 01 00 CC 06 00 00 
0 01 01 01 00 F8 06 00 00 02 00 00 00 
0 01 01 01 00 F4 06 00 00 DA F1 F1 F1 
1 01 00 01 00 00 08 00 00 
0 01 01 01 00 F0 06 00 00 B6 F1 F1 B6 
0 01 01 01 00 CC 06 00 00 01 00 00 00 
0 01 01 01 00 FC 06 00 00 10 00 00 00 
1 01 00 01 00 CC 06 00 00 
0 01 01 01 00 F8 06 00 00 19 C2 01 21 
1 01 00 01 00 00 08 00 00 
0 01 01 01 00 F4 06 00 00 80 07 38 04 
0 01 01 01 00 F0 06 00 00 09 06 7C 0F 
0 01 01 01 00 EC 06 00 00 30 75 78 00 
0 01 01 01 00 E8 06 00 00 D0 07 40 1F 
0 01 01 01 00 E4 06 00 00 00 20 00 00 
0 01 01 01 00 E0 06 00 00 1E 00 99 F1 
1 01 00 01 00 00 08 00 00 
0 01 01 01 00 D8 06 00 00 10 00 00 00 
0 01 01 01 00 DC 06 00 00 80 07 38 04 
0 01 01 01 00 D4 06 00 00 80 10 16 21 
0 01 01 01 00 D0 06 00 00 F4 40 08 52 
0 01 01 01 00 CC 06 00 00 01 00 00 00 
0 01 01 01 00 FC 06 00 00 01 00 00 00 
1 01 00 01 00 00 08 00 00 
1 01 00 01 00 CC 06 00 00 
0 01 01 01 00 F8 06 00 00 06 00 00 00 
0 01 01 01 00 CC 06 00 00 01 00 00 00 
0 01 01 01 00 FC 06 00 00 0A 00 00 00 
1 01 00 01 00 10 06 00 00 
1 01 00 01 00 00 08 00 00 
1 01 00 01 00 18 06 00 00 
1 01 00 01 00 00 08 00 00 
1 01 00 01 00 10 06 00 00 
1 01 00 01 00 18 06 00 00 
1 01 00 01 00 00 08 00 00 
1 01 00 01 00 00 08 00 00 
0 01 01 01 00 00 08 00 00 07 00 01 00 
1 01 00 07 00 B0 06 00 00 
0 01 01 01 00 C8 06 00 00 00 00 00 00 
1 01 00 01 00 00 08 00 00 
1 09 00 08 00 00 00 00 00 00 7F 12 00 00 80 00 00 
1 01 00 01 00 00 08 00 00 
1 09 00 08 00 00 00 00 00 00 FF 12 00 74 03 00 00 
1 01 00 01 00 00 08 00 00 
1 01 00 01 00 00 08 00 00 
1 01 00 01 00 CC 06 00 00 
0 01 01 01 00 F8 06 00 00 83 00 00 00 
0 01 01 01 00 F4 06 00 00 74 83 00 00 
0 01 01 01 00 F0 06 00 00 AA AA AA 2A 
1 01 00 01 00 00 08 00 00 
0 01 01 01 00 EC 06 00 00 00 00 00 00 
0 01 01 01 00 E4 06 00 00 00 00 00 00 
0 01 01 01 00 CC 06 00 00 01 00 00 00 
0 01 01 01 00 FC 06 00 00 30 00 00 00 
1 01 00 01 00 00 08 00 00 
1 01 00 01 00 00 08 00 00 
0 01 01 01 00 00 08 00 00 07 00 01 00 
1 01 00 07 00 B0 06 00 00 
0 01 01 01 00 C8 06 00 00 00 00 00 00 
1 01 00 01 00 00 08 00 00 
1 09 00 08 00 00 00 00 00 74 02 13 00 77 39 00 00 
1 01 00 01 00 00 08 00 00 
1 01 00 01 00 CC 06 00 00 
1 01 00 01 00 00 08 00 00 
0 01 01 01 00 F8 06 00 00 83 00 00 00 
0 01 01 01 00 F4 06 00 00 77 39 00 00 
0 01 01 01 00 F0 06 00 00 AA AA AA 2A 
1 01 00 01 00 00 08 00 00 
0 01 01 01 00 EC 06 00 00 00 00 00 00 
0 01 01 01 00 E4 06 00 00 00 00 00 00 
0 01 01 01 00 CC 06 00 00 01 00 00 00 
0 01 01 01 00 FC 06 00 00 30 00 00 00 
1 01 00 01 00 00 08 00 00 
1 01 00 01 00 00 08 00 00 
0 01 01 01 00 00 08 00 00 07 00 01 00 
1 01 00 07 00 B0 06 00 00 
0 01 01 01 00 C8 06 00 00 00 00 00 00 
1 09 00 08 00 00 00 00 00 EB 3B 13 00 29 36 00 00 
1 01 00 01 00 00 08 00 00 
1 01 00 01 00 00 08 00 00 
1 01 00 01 00 CC 06 00 00 
0 01 01 01 00 F8 06 00 00 83 00 00 00 
0 01 01 01 00 F4 06 00 00 29 36 00 00 
1 01 00 01 00 00 08 00 00 
0 01 01 01 00 F0 06 00 00 AA AA AA 2A 
0 01 01 01 00 EC 06 00 00 00 00 00 00 
0 01 01 01 00 E4 06 00 00 00 00 00 00 
1 01 00 01 00 00 08 00 00 
0 01 01 01 00 CC 06 00 00 01 00 00 00 
0 01 01 01 00 FC 06 00 00 30 00 00 00 
1 01 00 01 00 00 08 00 00 
1 01 00 01 00 10 06 00 00 
1 01 00 01 00 18 06 00 00 
1 01 00 01 00 00 08 00 00 
0 01 01 01 00 00 08 00 00 07 00 01 00 
1 01 00 07 00 B0 06 00 00 
0 01 01 01 00 C8 06 00 00 00 00 00 00 
1 01 00 01 00 00 08 00 00 
1 09 00 08 00 00 00 00 00 14 72 13 00 05 31 00 00 
1 01 00 01 00 00 08 00 00 
1 01 00 01 00 00 08 00 00 
1 01 00 01 00 CC 06 00 00 
0 01 01 01 00 F8 06 00 00 83 00 00 00 
0 01 01 01 00 F4 06 00 00 05 31 00 00 
1 01 00 01 00 00 08 00 00 
0 01 01 01 00 F0 06 00 00 AA AA AA 2A 
0 01 01 01 00 EC 06 00 00 00 00 00 00 
0 01 01 01 00 E4 06 00 00 00 00 00 00 
0 01 01 01 00 CC 06 00 00 01 00 00 00 
1 01 00 01 00 00 08 00 00 
0 01 01 01 00 FC 06 00 00 30 00 00 00 
1 01 00 01 00 00 08 00 00 
1 01 00 01 00 00 08 00 00 
0 01 01 01 00 00 08 00 00 07 00 01 00 
1 01 00 07 00 B0 06 00 00 
0 01 01 01 00 C8 06 00 00 00 00 00 00 
1 01 00 01 00 00 08 00 00 
1 09 00 08 00 00 00 00 00 19 A3 13 00 A5 42 00 00 
1 01 00 01 00 00 08 00 00 
1 01 00 01 00 CC 06 00 00 
0 01 01 01 00 F8 06 00 00 83 00 00 00 
0 01 01 01 00 F4 06 00 00 A5 42 00 00 
1 01 00 01 00 00 08 00 00 
0 01 01 01 00 F0 06 00 00 AA AA AA 2A 
0 01 01 01 00 EC 06 00 00 00 00 00 00 
0 01 01 01 00 E4 06 00 00 00 00 00 00 
1 01 00 01 00 00 08 00 00 
0 01 01 01 00 CC 06 00 00 01 00 00 00 
0 01 01 01 00 FC 06 00 00 30 00 00 00 
1 01 00 01 00 00 08 00 00 
0 01 01 01 00 00 08 00 00 07 00 01 00 
1 01 00 07 00 B0 06 00 00 
0 01 01 01 00 C8 06 00 00 00 00 00 00 
1 01 00 01 00 00 08 00 00 
1 09 00 08 00 00 00 00 00 BE E5 13 00 8F 4C 00 00 
1 01 00 01 00 00 08 00 00 
1 01 00 01 00 CC 06 00 00 
0 01 01 01 00 F8 06 00 00 83 00 00 00 
1 01 00 01 00 00 08 00 00 
0 01 01 01 00 F4 06 00 00 8F 4C 00 00 
0 01 01 01 00 F0 06 00 00 AA AA AA 2A 
0 01 01 01 00 EC 06 00 00 00 00 00 00 
0 01 01 01 00 E4 06 00 00 00 00 00 00 
1 01 00 01 00 00 08 00 00 
0 01 01 01 00 CC 06 00 00 01 00 00 00 
0 01 01 01 00 FC 06 00 00 30 00 00 00 
1 01 00 01 00 00 08 00 00 
0 01 01 01 00 00 08 00 00 07 00 01 00 
1 01 00 07 00 B0 06 00 00 
1 01 00 01 00 00 08 00 00 
0 01 01 01 00 C8 06 00 00 00 00 00 00 
1 09 00 08 00 00 00 00 00 4D 32 14 00 4E 61 00 00 
1 01 00 01 00 00 08 00 00 
1 01 00 01 00 00 08 00 00 
1 01 00 01 00 10 06 00 00 
1 01 00 01 00 18 06 00 00 
1 01 00 01 00 00 08 00 00 
1 01 00 01 00 00 08 00 00 
1 01 00 01 00 CC 06 00 00 
0 01 01 01 00 F8 06 00 00 83 00 00 00 
0 01 01 01 00 F4 06 00 00 4E 61 00 00 
1 01 00 01 00 00 08 00 00 
0 01 01 01 00 F0 06 00 00 AA AA AA 2A 
0 01 01 01 00 EC 06 00 00 00 00 00 00 
0 01 01 01 00 E4 06 00 00 00 00 00 00 
1 01 00 01 00 00 08 00 00 
0 01 01 01 00 CC 06 00 00 01 00 00 00 
0 01 01 01 00 FC 06 00 00 30 00 00 00 
1 01 00 01 00 00 08 00 00 
0 01 01 01 00 00 08 00 00 07 00 01 00 
1 01 00 07 00 B0 06 00 00 
0 01 01 01 00 C8 06 00 00 00 00 00 00 
1 01 00 01 00 00 08 00 00 
1 09 00 08 00 00 00 00 00 9B 93 14 00 68 62 00 00 
1 01 00 01 00 00 08 00 00 
1 01 00 01 00 00 08 00 00 
1 01 00 01 00 CC 06 00 00 
0 01 01 01 00 F8 06 00 00 83 00 00 00 
0 01 01 01 00 F4 06 00 00 68 62 00 00 
1 01 00 01 00 00 08 00 00 
0 01 01 01 00 F0 06 00 00 AA AA AA 2A 
0 01 01 01 00 EC 06 00 00 00 00 00 00 
0 01 01 01 00 E4 06 00 00 00 00 00 00 
0 01 01 01 00 CC 06 00 00 01 00 00 00 
1 01 00 01 00 00 08 00 00 
0 01 01 01 00 FC 06 00 00 30 00 00 00 
1 01 00 01 00 00 08 00 00 
1 01 00 01 00 00 08 00 00 
0 01 01 01 00 00 08 00 00 07 00 01 00 
1 01 00 07 00 B0 06 00 00 
0 01 01 01 00 C8 06 00 00 00 00 00 00 
1 01 00 01 00 00 08 00 00 
1 09 00 08 00 00 00 00 00 03 F6 14 00 A7 30 00 00 
1 01 00 01 00 00 08 00 00 
1 01 00 01 00 CC 06 00 00 
0 01 01 01 00 F8 06 00 00 83 00 00 00 
0 01 01 01 00 F4 06 00 00 A7 30 00 00 
1 01 00 01 00 00 08 00 00 
0 01 01 01 00 F0 06 00 00 AA AA AA 2A 
0 01 01 01 00 EC 06 00 00 00 00 00 00 
0 01 01 01 00 E4 06 00 00 00 00 00 00 
0 01 01 01 00 CC 06 00 00 01 00 00 00 
1 01 00 01 00 00 08 00 00 
0 01 01 01 00 FC 06 00 00 30 00 00 00 
1 01 00 01 00 00 08 00 00 
1 01 00 01 00 00 08 00 00 
0 01 01 01 00 00 08 00 00 07 00 01 00 
1 01 00 07 00 B0 06 00 00 
0 01 01 01 00 C8 06 00 00 00 00 00 00 
1 01 00 01 00 00 08 00 00 
1 09 00 08 00 00 00 00 00 AA 26 15 00 2A 2D 00 00 
1 01 00 01 00 00 08 00 00 
1 01 00 01 00 CC 06 00 00 
0 01 01 01 00 F8 06 00 00 83 00 00 00 
1 01 00 01 00 00 08 00 00 
0 01 01 01 00 F4 06 00 00 2A 2D 00 00 
0 01 01 01 00 F0 06 00 00 AA AA AA 2A 
0 01 01 01 00 EC 06 00 00 00 00 00 00 
1 01 00 01 00 00 08 00 00 
0 01 01 01 00 E4 06 00 00 00 00 00 00 
0 01 01 01 00 CC 06 00 00 01 00 00 00 
0 01 01 01 00 FC 06 00 00 30 00 00 00 
1 01 00 01 00 00 08 00 00 
1 01 00 01 00 00 08 00 00 
0 01 01 01 00 00 08 00 00 07 00 01 00 
1 01 00 07 00 B0 06 00 00 
0 01 01 01 00 C8 06 00 00 00 00 00 00 
1 01 00 01 00 00 08 00 00 
1 01 00 01 00 10 06 00 00 
1 09 00 08 00 00 00 00 00 D4 53 15 00 9D 2C 00 00 
1 01 00 01 00 18 06 00 00 
1 01 00 01 00 00 08 00 00 
1 01 00 01 00 00 08 00 00 
1 01 00 01 00 CC 06 00 00 
0 01 01 01 00 F8 06 00 00 83 00 00 00 
0 01 01 01 00 F4 06 00 00 9D 2C 00 00 
1 01 00 01 00 00 08 00 00 
0 01 01 01 00 F0 06 00 00 AA AA AA 2A 
0 01 01 01 00 EC 06 00 00 00 00 00 00 
0 01 01 01 00 E4 06 00 00 00 00 00 00 
0 01 01 01 00 CC 06 00 00 01 00 00 00 
1 01 00 01 00 00 08 00 00 
0 01 01 01 00 FC 06 00 00 30 00 00 00 
1 01 00 01 00 00 08 00 00 
1 01 00 01 00 00 08 00 00 
0 01 01 01 00 00 08 00 00 07 00 01 00 
1 01 00 07 00 B0 06 00 00 
0 01 01 01 00 C8 06 00 00 00 00 00 00 
1 01 00 01 00 00 08 00 00 
1 09 00 08 00 00 00 00 00 71 80 15 00 CC 2C 00 00 
1 01 00 01 00 00 08 00 00 
1 01 00 01 00 CC 06 00 00 
1 01 00 01 00 00 08 00 00 
0 01 01 01 00 F8 06 00 00 83 00 00 00 
0 01 01 01 00 F4 06 00 00 CC 2C 00 00 
0 01 01 01 00 F0 06 00 00 AA AA AA 2A 
0 01 01 01 00 EC 06 00 00 00 00 00 00 
1 01 00 01 00 00 08 00 00 
0 01 01 01 00 E4 06 00 00 00 00 00 00 
0 01 01 01 00 CC 06 00 00 01 00 00 00 
0 01 01 01 00 FC 06 00 00 30 00 00 00 
1 01 00 01 00 00 08 00 00 
1 01 00 01 00 00 08 00 00 
0 01 01 01 00 00 08 00 00 07 00 01 00 
1 01 00 07 00 B0 06 00 00 
0 01 01 01 00 C8 06 00 00 00 00 00 00 
1 01 00 01 00 00 08 00 00 
1 09 00 08 00 00 00 00 00 3D AD 15 00 B7 2D 00 00 
1 01 00 01 00 00 08 00 00 
1 01 00 01 00 CC 06 00 00 
1 01 00 01 00 00 08 00 00 
0 01 01 01 00 F8 06 00 00 83 00 00 00 
0 01 01 01 00 F4 06 00 00 B7 2D 00 00 
0 01 01 01 00 F0 06 00 00 AA AA AA 2A 
1 01 00 01 00 00 08 00 00 
0 01 01 01 00 EC 06 00 00 00 00 00 00 
0 01 01 01 00 E4 06 00 00 00 00 00 00 
0 01 01 01 00 CC 06 00 00 01 00 00 00 
0 01 01 01 00 FC 06 00 00 30 00 00 00 
1 01 00 01 00 00 08 00 00 
1 01 00 01 00 00 08 00 00 
0 01 01 01 00 00 08 00 00 07 00 01 00 
1 01 00 07 00 B0 06 00 00 
0 01 01 01 00 C8 06 00 00 00 00 00 00 
1 01 00 01 00 00 08 00 00 
1 09 00 08 00 00 00 00 00 F4 DA 15 00 59 2D 00 00 
1 01 00 01 00 00 08 00 00 
1 01 00 01 00 CC 06 00 00 
0 01 01 01 00 F8 06 00 00 83 00 00 00 
0 01 01 01 00 F4 06 00 00 59 2D 00 00 
1 01 00 01 00 00 08 00 00 
0 01 01 01 00 F0 06 00 00 AA AA AA 2A 
0 01 01 01 00 EC 06 00 00 00 00 00 00 
0 01 01 01 00 E4 06 00 00 00 00 00 00 
0 01 01 01 00 CC 06 00 00 01 00 00 00 
1 01 00 01 00 00 08 00 00 
0 01 01 01 00 FC 06 00 00 30 00 00 00 
1 01 00 01 00 00 08 00 00 
1 01 00 01 00 00 08 00 00 
1 01 00 01 00 10 06 00 00 
1 01 00 01 00 18 06 00 00 
1 01 00 01 00 00 08 00 00 
1 01 00 01 00 00 08 00 00 
0 01 01 01 00 00 08 00 00 07 00 01 00 
1 01 00 07 00 B0 06 00 00 
0 01 01 01 00 C8 06 00 00 00 00 00 00 
1 01 00 01 00 00 08 00 00 
1 09 00 08 00 00 00 00 00 4D 08 16 00 9D 2C 00 00 
1 01 00 01 00 00 08 00 00 
1 01 00 01 00 CC 06 00 00 
0 01 01 01 00 F8 06 00 00 83 00 00 00 
1 01 00 01 00 00 08 00 00 
0 01 01 01 00 F4 06 00 00 9D 2C 00 00 
0 01 01 01 00 F0 06 00 00 AA AA AA 2A 
0 01 01 01 00 EC 06 00 00 00 00 00 00 
0 01 01 01 00 E4 06 00 00 00 00 00 00 
1 01 00 01 00 00 08 00 00 
0 01 01 01 00 CC 06 00 00 01 00 00 00 
0 01 01 01 00 FC 06 00 00 30 00 00 00 
1 01 00 01 00 00 08 00 00 
0 01 01 01 00 00 08 00 00 07 00 01 00 
1 01 00 07 00 B0 06 00 00 
0 01 01 01 00 C8 06 00 00 00 00 00 00 
1 01 00 01 00 00 08 00 00 
1 09 00 08 00 00 00 00 00 EA 34 16 00 A8 27 00 00 
1 01 00 01 00 00 08 00 00 
1 01 00 01 00 CC 06 00 00 
0 01 01 01 00 F8 06 00 00 83 00 00 00 
0 01 01 01 00 F4 06 00 00 A8 27 00 00 
1 01 00 01 00 00 08 00 00 
0 01 01 01 00 F0 06 00 00 AA AA AA 2A 
0 01 01 01 00 EC 06 00 00 00 00 00 00 
0 01 01 01 00 E4 06 00 00 00 00 00 00 
0 01 01 01 00 CC 06 00 00 01 00 00 00 
0 01 01 01 00 FC 06 00 00 30 00 00 00 
1 01 00 01 00 00 08 00 00 
1 01 00 01 00 00 08 00 00 
0 01 01 01 00 00 08 00 00 07 00 01 00 
1 01 00 07 00 B0 06 00 00 
0 01 01 01 00 C8 06 00 00 00 00 00 00 
1 01 00 01 00 00 08 00 00 
1 09 00 08 00 00 00 00 00 92 5C 16 00 7E 29 00 00 
1 01 00 01 00 00 08 00 00 
1 01 00 01 00 CC 06 00 00 
0 01 01 01 00 F8 06 00 00 83 00 00 00 
0 01 01 01 00 F4 06 00 00 7E 29 00 00 
1 01 00 01 00 00 08 00 00 
0 01 01 01 00 F0 06 00 00 AA AA AA 2A 
0 01 01 01 00 EC 06 00 00 00 00 00 00 
0 01 01 01 00 E4 06 00 00 00 00 00 00 
0 01 01 01 00 CC 06 00 00 01 00 00 00 
1 01 00 01 00 00 08 00 00 
0 01 01 01 00 FC 06 00 00 30 00 00 00 
1 01 00 01 00 00 08 00 00 
1 01 00 01 00 00 08 00 00 
0 01 01 01 00 00 08 00 00 07 00 01 00 
1 01 00 07 00 B0 06 00 00 
0 01 01 01 00 C8 06 00 00 00 00 00 00 
1 09 00 08 00 00 00 00 00 10 86 16 00 B7 2D 00 00 
1 01 00 01 00 00 08 00 00 
1 01 00 01 00 00 08 00 00 
1 01 00 01 00 CC 06 00 00 
0 01 01 01 00 F8 06 00 00 83 00 00 00 
0 01 01 01 00 F4 06 00 00 B7 2D 00 00 
1 01 00 01 00 00 08 00 00 
0 01 01 01 00 F0 06 00 00 AA AA AA 2A 
0 01 01 01 00 EC 06 00 00 00 00 00 00 
0 01 01 01 00 E4 06 00 00 00 00 00 00 
1 01 00 01 00 00 08 00 00 
0 01 01 01 00 CC 06 00 00 01 00 00 00 
0 01 01 01 00 FC 06 00 00 30 00 00 00 
1 01 00 01 00 00 08 00 00 
1 01 00 01 00 10 06 00 00 
1 01 00 01 00 18 06 00 00 
1 01 00 01 00 00 08 00 00 
1 01 00 01 00 00 08 00 00 
0 01 01 01 00 00 08 00 00 07 00 01 00 
1 01 00 07 00 B0 06 00 00 
0 01 01 01 00 C8 06 00 00 00 00 00 00 
1 09 00 08 00 00 00 00 00 C7 B3 16 00 35 28 00 00 
1 01 00 01 00 00 08 00 00 
1 01 00 01 00 00 08 00 00 
1 01 00 01 00 CC 06 00 00 
0 01 01 01 00 F8 06 00 00 83 00 00 00 
0 01 01 01 00 F4 06 00 00 35 28 00 00 
0 01 01 01 00 F0 06 00 00 AA AA AA 2A 
0 01 01 01 00 EC 06 00 00 00 00 00 00 
1 01 00 01 00 00 08 00 00 
0 01 01 01 00 E4 06 00 00 00 00 00 00 
0 01 01 01 00 CC 06 00 00 01 00 00 00 
0 01 01 01 00 FC 06 00 00 30 00 00 00 
1 01 00 01 00 00 08 00 00 
1 01 00 01 00 00 08 00 00 
0 01 01 01 00 00 08 00 00 07 00 01 00 
1 01 00 07 00 B0 06 00 00 
0 01 01 01 00 C8 06 00 00 00 00 00 00 
1 01 00 01 00 00 08 00 00 
1 09 00 08 00 00 00 00 00 FC DB 16 00 E7 24 00 00 
1 01 00 01 00 00 08 00 00 
1 01 00 01 00 CC 06 00 00 
0 01 01 01 00 F8 06 00 00 83 00 00 00 
0 01 01 01 00 F4 06 00 00 E7 24 00 00 
1 01 00 01 00 00 08 00 00 
0 01 01 01 00 F0 06 00 00 AA AA AA 2A 
0 01 01 01 00 EC 06 00 00 00 00 00 00 
0 01 01 01 00 E4 06 00 00 00 00 00 00 
1 01 00 01 00 00 08 00 00 
0 01 01 01 00 CC 06 00 00 01 00 00 00 
0 01 01 01 00 FC 06 00 00 30 00 00 00 
1 01 00 01 00 00 08 00 00 
0 01 01 01 00 00 08 00 00 07 00 01 00 
1 01 00 07 00 B0 06 00 00 
0 01 01 01 00 C8 06 00 00 00 00 00 00 
1 09 00 08 00 00 00 00 00 E3 00 17 00 B3 22 00 00 
1 01 00 01 00 00 08 00 00 
1 01 00 01 00 00 08 00 00 
1 01 00 01 00 CC 06 00 00 
1 01 00 01 00 00 08 00 00 
0 01 01 01 00 F8 06 00 00 83 00 00 00 
0 01 01 01 00 F4 06 00 00 B3 22 00 00 
0 01 01 01 00 F0 06 00 00 AA AA AA 2A 
0 01 01 01 00 EC 06 00 00 00 00 00 00 
0 01 01 01 00 E4 06 00 00 00 00 00 00 
1 01 00 01 00 00 08 00 00 
0 01 01 01 00 CC 06 00 00 01 00 00 00 
0 01 01 01 00 FC 06 00 00 30 00 00 00 
1 01 00 01 00 00 08 00 00 
0 01 01 01 00 00 08 00 00 07 00 01 00 
1 01 00 07 00 B0 06 00 00 
0 01 01 01 00 C8 06 00 00 00 00 00 00 
1 01 00 01 00 00 08 00 00 
1 09 00 08 00 00 00 00 00 96 23 17 00 0C 21 00 00 
1 01 00 01 00 00 08 00 00 
1 01 00 01 00 CC 06 00 00 
0 01 01 01 00 F8 06 00 00 83 00 00 00 
0 01 01 01 00 F4 06 00 00 0C 21 00 00 
1 01 00 01 00 00 08 00 00 
1 01 00 01 00 10 06 00 00 
0 01 01 01 00 F0 06 00 00 AA AA AA 2A 
1 01 00 01 00 00 08 00 00 
1 01 00 01 00 18 06 00 00 
0 01 01 01 00 EC 06 00 00 00 00 00 00 
1 01 00 01 00 00 08 00 00 
0 01 01 01 00 E4 06 00 00 00 00 00 00 
0 01 01 01 00 CC 06 00 00 01 00 00 00 
0 01 01 01 00 FC 06 00 00 30 00 00 00 
1 01 00 01 00 00 08 00 00 
1 01 00 01 00 00 08 00 00 
0 01 01 01 00 00 08 00 00 07 00 01 00 
1 01 00 07 00 B0 06 00 00 
0 01 01 01 00 C8 06 00 00 00 00 00 00 
1 09 00 08 00 00 00 00 00 A2 44 17 00 65 1F 00 00 
1 01 00 01 00 00 08 00 00 
1 01 00 01 00 00 08 00 00 
1 01 00 01 00 CC 06 00 00 
1 01 00 01 00 00 08 00 00 
0 01 01 01 00 F8 06 00 00 83 00 00 00 
0 01 01 01 00 F4 06 00 00 65 1F 00 00 
0 01 01 01 00 F0 06 00 00 AA AA AA 2A 
0 01 01 01 00 EC 06 00 00 00 00 00 00 
1 01 00 01 00 00 08 00 00 
0 01 01 01 00 E4 06 00 00 00 00 00 00 
0 01 01 01 00 CC 06 00 00 01 00 00 00 
0 01 01 01 00 FC 06 00 00 30 00 00 00 
1 01 00 01 00 00 08 00 00 
1 01 00 01 00 00 08 00 00 
0 01 01 01 00 00 08 00 00 07 00 01 00 
1 01 00 07 00 B0 06 00 00 
0 01 01 01 00 C8 06 00 00 00 00 00 00 
1 09 00 08 00 00 00 00 00 07 64 17 00 69 2A 00 00 
1 01 00 01 00 00 08 00 00 
1 01 00 01 00 00 08 00 00 
1 01 00 01 00 CC 06 00 00 
0 01 01 01 00 F8 06 00 00 83 00 00 00 
0 01 01 01 00 F4 06 00 00 69 2A 00 00 
1 01 00 01 00 00 08 00 00 
0 01 01 01 00 F0 06 00 00 AA AA AA 2A 
0 01 01 01 00 EC 06 00 00 00 00 00 00 
0 01 01 01 00 E4 06 00 00 00 00 00 00 
1 01 00 01 00 00 08 00 00 
0 01 01 01 00 CC 06 00 00 01 00 00 00 
0 01 01 01 00 FC 06 00 00 30 00 00 00 
1 01 00 01 00 00 08 00 00 
0 01 01 01 00 00 08 00 00 07 00 01 00 
1 01 00 07 00 B0 06 00 00 
0 01 01 01 00 C8 06 00 00 00 00 00 00 
1 09 00 08 00 00 00 00 00 70 8E 17 00 30 26 00 00 
1 01 00 01 00 00 08 00 00 
1 01 00 01 00 00 08 00 00 
1 01 00 01 00 CC 06 00 00 
0 01 01 01 00 F8 06 00 00 83 00 00 00 
1 01 00 01 00 00 08 00 00 
0 01 01 01 00 F4 06 00 00 30 26 00 00 
0 01 01 01 00 F0 06 00 00 AA AA AA 2A 
0 01 01 01 00 EC 06 00 00 00 00 00 00 
0 01 01 01 00 E4 06 00 00 00 00 00 00 
1 01 00 01 00 00 08 00 00 
0 01 01 01 00 CC 06 00 00 01 00 00 00 
0 01 01 01 00 FC 06 00 00 30 00 00 00 
1 01 00 01 00 00 08 00 00 
0 01 01 01 00 00 08 00 00 07 00 01 00 
1 01 00 07 00 B0 06 00 00 
0 01 01 01 00 C8 06 00 00 00 00 00 00 
1 09 00 08 00 00 00 00 00 A0 B4 17 00 E7 24 00 00 
1 01 00 01 00 00 08 00 00 
1 01 00 01 00 10 06 00 00 
1 01 00 01 00 18 06 00 00 
1 01 00 01 00 00 08 00 00 
1 01 00 01 00 00 08 00 00 
1 01 00 01 00 CC 06 00 00 
0 01 01 01 00 F8 06 00 00 83 00 00 00 
0 01 01 01 00 F4 06 00 00 E7 24 00 00 
0 01 01 01 00 F0 06 00 00 AA AA AA 2A 
0 01 01 01 00 EC 06 00 00 00 00 00 00 
1 01 00 01 00 00 08 00 00 
0 01 01 01 00 E4 06 00 00 00 00 00 00 
0 01 01 01 00 CC 06 00 00 01 00 00 00 
0 01 01 01 00 FC 06 00 00 30 00 00 00 
1 01 00 01 00 00 08 00 00 
1 01 00 01 00 00 08 00 00 
0 01 01 01 00 00 08 00 00 07 00 01 00 
1 01 00 07 00 B0 06 00 00 
0 01 01 01 00 C8 06 00 00 00 00 00 00 
1 09 00 08 00 00 00 00 00 87 D9 17 00 CD 23 00 00 
1 01 00 01 00 00 08 00 00 
1 01 00 01 00 00 08 00 00 
1 01 00 01 00 CC 06 00 00 
1 01 00 01 00 00 08 00 00 
0 01 01 01 00 F8 06 00 00 83 00 00 00 
0 01 01 01 00 F4 06 00 00 CD 23 00 00 
0 01 01 01 00 F0 06 00 00 AA AA AA 2A 
0 01 01 01 00 EC 06 00 00 00 00 00 00 
0 01 01 01 00 E4 06 00 00 00 00 00 00 
1 01 00 01 00 00 08 00 00 
0 01 01 01 00 CC 06 00 00 01 00 00 00 
0 01 01 01 00 FC 06 00 00 30 00 00 00 
1 01 00 01 00 00 08 00 00 
0 01 01 01 00 00 08 00 00 07 00 01 00 
1 01 00 07 00 B0 06 00 00 
0 01 01 01 00 C8 06 00 00 00 00 00 00 
1 09 00 08 00 00 00 00 00 54 FD 17 00 84 22 00 00 
1 01 00 01 00 00 08 00 00 
1 01 00 01 00 00 08 00 00 
1 01 00 01 00 CC 06 00 00 
0 01 01 01 00 F8 06 00 00 83 00 00 00 
1 01 00 01 00 00 08 00 00 
0 01 01 01 00 F4 06 00 00 84 22 00 00 
0 01 01 01 00 F0 06 00 00 AA AA AA 2A 
0 01 01 01 00 EC 06 00 00 00 00 00 00 
0 01 01 01 00 E4 06 00 00 00 00 00 00 
1 01 00 01 00 00 08 00 00 
0 01 01 01 00 CC 06 00 00 01 00 00 00 
0 01 01 01 00 FC 06 00 00 30 00 00 00 
1 01 00 01 00 00 08 00 00 
0 01 01 01 00 00 08 00 00 07 00 01 00 
1 01 00 07 00 B0 06 00 00 
0 01 01 01 00 C8 06 00 00 00 00 00 00 
1 09 00 08 00 00 00 00 00 D8 1F 18 00 26 22 00 00 
1 01 00 01 00 00 08 00 00 
1 01 00 01 00 00 08 00 00 
1 01 00 01 00 CC 06 00 00 
1 01 00 01 00 00 08 00 00 
0 01 01 01 00 F8 06 00 00 83 00 00 00 
0 01 01 01 00 F4 06 00 00 26 22 00 00 
0 01 01 01 00 F0 06 00 00 AA AA AA 2A 
0 01 01 01 00 EC 06 00 00 00 00 00 00 
0 01 01 01 00 E4 06 00 00 00 00 00 00 
0 01 01 01 00 CC 06 00 00 01 00 00 00 
1 01 00 01 00 00 08 00 00 
0 01 01 01 00 FC 06 00 00 30 00 00 00 
1 01 00 01 00 00 08 00 00 
1 01 00 01 00 00 08 00 00 
1 01 00 01 00 10 06 00 00 
1 01 00 01 00 18 06 00 00 
1 01 00 01 00 00 08 00 00 
1 01 00 01 00 00 08 00 00 
0 01 01 01 00 00 08 00 00 07 00 01 00 
1 01 00 07 00 B0 06 00 00 
0 01 01 01 00 C8 06 00 00 00 00 00 00 
1 01 00 01 00 00 08 00 00 
1 09 00 08 00 00 00 00 00 FE 41 18 00 3B 21 00 00 
1 01 00 01 00 00 08 00 00 
1 01 00 01 00 00 08 00 00 
1 01 00 01 00 CC 06 00 00 
0 01 01 01 00 F8 06 00 00 83 00 00 00 
0 01 01 01 00 F4 06 00 00 3B 21 00 00 
0 01 01 01 00 F0 06 00 00 AA AA AA 2A 
0 01 01 01 00 EC 06 00 00 00 00 00 00 
1 01 00 01 00 00 08 00 00 
0 01 01 01 00 E4 06 00 00 00 00 00 00 
0 01 01 01 00 CC 06 00 00 01 00 00 00 
0 01 01 01 00 FC 06 00 00 30 00 00 00 
1 01 00 01 00 00 08 00 00 
1 01 00 01 00 00 08 00 00 
0 01 01 01 00 00 08 00 00 07 00 01 00 
1 01 00 07 00 B0 06 00 00 
0 01 01 01 00 C8 06 00 00 00 00 00 00 
1 09 00 08 00 00 00 00 00 39 63 18 00 00 80 00 00 
1 01 00 01 00 00 08 00 00 
1 01 00 01 00 00 08 00 00 
0 01 01 01 00 00 08 00 00 07 00 01 00 
1 01 00 07 00 B0 06 00 00 
0 01 01 01 00 C8 06 00 00 00 00 00 00 
1 01 00 01 00 00 08 00 00 
1 01 00 01 00 00 08 00 00 
1 09 00 08 00 00 00 00 00 39 E3 18 00 9B 1C 00 00 
1 01 00 01 00 00 08 00 00 
1 01 00 01 00 00 08 00 00 
1 01 00 01 00 CC 06 00 00 
1 01 00 01 00 00 08 00 00 
0 01 01 01 00 F8 06 00 00 83 00 00 00 
0 01 01 01 00 F4 06 00 00 9B 9C 00 00 
0 01 01 01 00 F0 06 00 00 AA AA AA 2A 
1 01 00 01 00 00 08 00 00 
0 01 01 01 00 EC 06 00 00 00 00 00 00 
0 01 01 01 00 E4 06 00 00 00 00 00 00 
0 01 01 01 00 CC 06 00 00 01 00 00 00 
0 01 01 01 00 FC 06 00 00 30 00 00 00 
1 09 00 08 00 00 00 00 00 D4 FF 18 00 85 48 00 00 
1 01 00 01 00 00 08 00 00 
1 01 00 01 00 00 08 00 00 
1 01 00 01 00 00 08 00 00 
1 01 00 01 00 CC 06 00 00 
0 01 01 01 00 F8 06 00 00 83 00 00 00 
0 01 01 01 00 F4 06 00 00 85 48 00 00 
0 01 01 01 00 F0 06 00 00 AA AA AA 2A 
1 01 00 01 00 00 08 00 00 
0 01 01 01 00 EC 06 00 00 00 00 00 00 
0 01 01 01 00 E4 06 00 00 00 00 00 00 
0 01 01 01 00 CC 06 00 00 01 00 00 00 
0 01 01 01 00 FC 06 00 00 30 00 00 00 
1 01 00 01 00 00 08 00 00 
1 01 00 01 00 00 08 00 00 
0 01 01 01 00 00 08 00 00 07 00 01 00 
1 01 00 07 00 B0 06 00 00 
1 01 00 01 00 00 08 00 00 
0 01 01 01 00 C8 06 00 00 00 00 00 00 
1 09 00 08 00 00 00 00 00 59 48 19 00 A7 09 00 00 
1 01 00 01 00 00 08 00 00 
1 01 00 01 00 00 08 00 00 
1 01 00 01 00 CC 06 00 00 
1 01 00 01 00 00 08 00 00 
0 01 01 01 00 F8 06 00 00 83 00 00 00 
0 01 01 01 00 00 08 00 00 07 00 01 00 
0 01 01 01 00 F4 06 00 00 A7 09 00 00 
0 01 01 01 00 F0 06 00 00 AA AA AA 2A 
0 01 01 01 00 EC 06 00 00 00 00 00 00 
0 01 01 01 00 E4 06 00 00 00 00 00 00 
1 01 00 01 00 00 08 00 00 
0 01 01 01 00 CC 06 00 00 01 00 00 00 
0 01 01 01 00 FC 06 00 00 30 00 00 00 
1 01 00 07 00 B0 06 00 00 
1 01 00 01 00 00 08 00 00 
0 01 01 01 00 C8 06 00 00 00 00 00 00 
1 09 00 08 00 00 00 00 00 00 7F 12 00 00 80 00 00 
1 01 00 01 00 00 08 00 00 
1 01 00 01 00 00 08 00 00 
0 01 01 01 00 00 08 00 00 07 00 01 00 
1 01 00 07 00 B0 06 00 00 
1 01 00 01 00 00 08 00 00 
0 01 01 01 00 C8 06 00 00 00 00 00 00 
1 01 00 01 00 00 08 00 00 
1 01 00 01 00 00 08 00 00 
1 09 00 08 00 00 00 00 00 00 FF 12 00 23 13 00 00 
1 01 00 01 00 00 08 00 00 
1 01 00 01 00 00 08 00 00 
1 01 00 01 00 CC 06 00 00 
1 01 00 01 00 00 08 00 00 
0 01 01 01 00 F8 06 00 00 83 00 00 00 
0 01 01 01 00 F4 06 00 00 23 93 00 00 
0 01 01 01 00 F0 06 00 00 AA AA AA 2A 
0 01 01 01 00 EC 06 00 00 01 00 00 00 
1 01 00 01 00 00 08 00 00 
0 01 01 01 00 E4 06 00 00 00 00 00 00 
0 01 01 01 00 CC 06 00 00 01 00 00 00 
0 01 01 01 00 FC 06 00 00 30 00 00 00 
1 09 00 08 00 00 00 00 00 23 12 13 00 8F 1D 00 00 
1 01 00 01 00 00 08 00 00 
1 01 00 01 00 00 08 00 00 
1 01 00 01 00 CC 06 00 00 
0 01 01 01 00 F8 06 00 00 83 00 00 00 
0 01 01 01 00 F4 06 00 00 8F 1D 00 00 
1 01 00 01 00 00 08 00 00 
0 01 01 01 00 F0 06 00 00 AA AA AA 2A 
0 01 01 01 00 EC 06 00 00 00 00 00 00 
0 01 01 01 00 E4 06 00 00 00 00 00 00 
0 01 01 01 00 CC 06 00 00 01 00 00 00 
0 01 01 01 00 FC 06 00 00 30 00 00 00 
1 01 00 01 00 00 08 00 00 
1 01 00 01 00 00 08 00 00 
0 01 01 01 00 00 08 00 00 07 00 01 00 
1 01 00 07 00 B0 06 00 00 
1 01 00 01 00 00 08 00 00 
0 01 01 01 00 C8 06 00 00 00 00 00 00 
1 09 00 08 00 00 00 00 00 B2 2F 13 00 C5 3C 00 00 
1 01 00 01 00 00 08 00 00 
1 01 00 01 00 00 08 00 00 
1 01 00 01 00 CC 06 00 00 
0 01 01 01 00 F8 06 00 00 83 00 00 00 
1 01 00 01 00 00 08 00 00 
1 01 00 01 00 10 06 00 00 
0 01 01 01 00 F4 06 00 00 C5 3C 00 00 
1 01 00 01 00 18 06 00 00 
0 01 01 01 00 F0 06 00 00 AA AA AA 2A 
1 01 00 01 00 00 08 00 00 
0 01 01 01 00 EC 06 00 00 00 00 00 00 
0 01 01 01 00 E4 06 00 00 00 00 00 00 
0 01 01 01 00 CC 06 00 00 01 00 00 00 
0 01 01 01 00 FC 06 00 00 30 00 00 00 
1 01 00 01 00 00 08 00 00 
0 01 01 01 00 00 08 00 00 07 00 01 00 
1 01 00 07 00 B0 06 00 00 
1 01 00 01 00 00 08 00 00 
0 01 01 01 00 C8 06 00 00 00 00 00 00 
1 09 00 08 00 00 00 00 00 77 6C 13 00 39 33 00 00 
1 01 00 01 00 00 08 00 00 
1 01 00 01 00 00 08 00 00 
1 01 00 01 00 CC 06 00 00 
0 01 01 01 00 F8 06 00 00 83 00 00 00 
0 01 01 01 00 F4 06 00 00 39 33 00 00 
1 01 00 01 00 00 08 00 00 
0 01 01 01 00 F0 06 00 00 AA AA AA 2A 
0 01 01 01 00 EC 06 00 00 00 00 00 00 
0 01 01 01 00 E4 06 00 00 00 00 00 00 
0 01 01 01 00 CC 06 00 00 01 00 00 00 
0 01 01 01 00 FC 06 00 00 30 00 00 00 
1 01 00 01 00 00 08 00 00 
1 01 00 01 00 00 08 00 00 
0 01 01 01 00 00 08 00 00 07 00 01 00 
1 01 00 07 00 B0 06 00 00 
0 01 01 01 00 C8 06 00 00 00 00 00 00 
1 01 00 01 00 00 08 00 00 
1 09 00 08 00 00 00 00 00 B0 9F 13 00 88 2D 00 00 
1 01 00 01 00 00 08 00 00 
1 01 00 01 00 CC 06 00 00 
1 01 00 01 00 00 08 00 00 
0 01 01 01 00 F8 06 00 00 83 00 00 00 
0 01 01 01 00 F4 06 00 00 88 2D 00 00 
0 01 01 01 00 F0 06 00 00 AA AA AA 2A 
0 01 01 01 00 EC 06 00 00 00 00 00 00 
1 01 00 01 00 00 08 00 00 
0 01 01 01 00 E4 06 00 00 00 00 00 00 
0 01 01 01 00 CC 06 00 00 01 00 00 00 
0 01 01 01 00 FC 06 00 00 30 00 00 00 
1 01 00 01 00 00 08 00 00 
1 01 00 01 00 00 08 00 00 
0 01 01 01 00 00 08 00 00 07 00 01 00 
1 01 00 07 00 B0 06 00 00 
1 01 00 01 00 00 08 00 00 
0 01 01 01 00 C8 06 00 00 00 00 00 00 
1 09 00 08 00 00 00 00 00 38 CD 13 00 98 2A 00 00 
1 01 00 01 00 00 08 00 00 
1 01 00 01 00 00 08 00 00 
1 01 00 01 00 CC 06 00 00 
0 01 01 01 00 F8 06 00 00 83 00 00 00 
0 01 01 01 00 F4 06 00 00 98 2A 00 00 
1 01 00 01 00 00 08 00 00 
0 01 01 01 00 F0 06 00 00 AA AA AA 2A 
0 01 01 01 00 EC 06 00 00 00 00 00 00 
0 01 01 01 00 E4 06 00 00 00 00 00 00 
0 01 01 01 00 CC 06 00 00 01 00 00 00 
1 01 00 01 00 00 08 00 00 
0 01 01 01 00 FC 06 00 00 30 00 00 00 
1 01 00 01 00 00 08 00 00 
1 01 00 01 00 00 08 00 00 
0 01 01 01 00 00 08 00 00 07 00 01 00 
1 01 00 07 00 B0 06 00 00 
0 01 01 01 00 C8 06 00 00 00 00 00 00 
1 01 00 01 00 00 08 00 00 
1 09 00 08 00 00 00 00 00 D0 F7 13 00 79 27 00 00 
1 01 00 01 00 00 08 00 00 
1 01 00 01 00 CC 06 00 00 
1 01 00 01 00 00 08 00 00 
0 01 01 01 00 F8 06 00 00 83 00 00 00 
0 01 01 01 00 F4 06 00 00 79 27 00 00 
0 01 01 01 00 F0 06 00 00 AA AA AA 2A 
0 01 01 01 00 EC 06 00 00 00 00 00 00 
1 01 00 01 00 00 08 00 00 
0 01 01 01 00 E4 06 00 00 00 00 00 00 
0 01 01 01 00 CC 06 00 00 01 00 00 00 
0 01 01 01 00 FC 06 00 00 30 00 00 00 
1 01 00 01 00 00 08 00 00 
1 01 00 01 00 00 08 00 00 
1 01 00 01 00 10 06 00 00 
1 01 00 01 00 18 06 00 00 
1 01 00 01 00 00 08 00 00 
1 01 00 01 00 00 08 00 00 
0 01 01 01 00 00 08 00 00 07 00 01 00 
1 01 00 07 00 B0 06 00 00 
1 01 00 01 00 00 08 00 00 
0 01 01 01 00 C8 06 00 00 00 00 00 00 
1 09 00 08 00 00 00 00 00 49 1F 14 00 01 26 00 00 
1 01 00 01 00 00 08 00 00 
1 01 00 01 00 00 08 00 00 
1 01 00 01 00 CC 06 00 00 
0 01 01 01 00 F8 06 00 00 83 00 00 00 
0 01 01 01 00 F4 06 00 00 01 26 00 00 
1 01 00 01 00 00 08 00 00 
0 01 01 01 00 F0 06 00 00 AA AA AA 2A 
0 01 01 01 00 EC 06 00 00 00 00 00 00 
0 01 01 01 00 E4 06 00 00 00 00 00 00 
0 01 01 01 00 CC 06 00 00 01 00 00 00 
1 01 00 01 00 00 08 00 00 
0 01 01 01 00 FC 06 00 00 30 00 00 00 
1 01 00 01 00 00 08 00 00 
1 01 00 01 00 00 08 00 00 
0 01 01 01 00 00 08 00 00 07 00 01 00 
1 01 00 07 00 B0 06 00 00 
0 01 01 01 00 C8 06 00 00 00 00 00 00 
1 01 00 01 00 00 08 00 00 
1 09 00 08 00 00 00 00 00 4A 45 14 00 5A 24 00 00 
1 01 00 01 00 00 08 00 00 
1 01 00 01 00 00 08 00 00 
1 01 00 01 00 CC 06 00 00 
0 01 01 01 00 F8 06 00 00 83 00 00 00 
0 01 01 01 00 F4 06 00 00 5A 24 00 00 
1 01 00 01 00 00 08 00 00 
0 01 01 01 00 F0 06 00 00 AA AA AA 2A 
0 01 01 01 00 EC 06 00 00 00 00 00 00 
0 01 01 01 00 E4 06 00 00 00 00 00 00 
0 01 01 01 00 CC 06 00 00 01 00 00 00 
0 01 01 01 00 FC 06 00 00 30 00 00 00 
1 01 00 01 00 00 08 00 00 
1 01 00 01 00 00 08 00 00 
0 01 01 01 00 00 08 00 00 07 00 01 00 
1 01 00 07 00 B0 06 00 00 
0 01 01 01 00 C8 06 00 00 00 00 00 00 
1 01 00 01 00 00 08 00 00 
1 09 00 08 00 00 00 00 00 A4 69 14 00 9E 23 00 00 
1 01 00 01 00 00 08 00 00 
1 01 00 01 00 CC 06 00 00 
0 01 01 01 00 F8 06 00 00 83 00 00 00 
1 01 00 01 00 00 08 00 00 
0 01 01 01 00 F4 06 00 00 9E 23 00 00 
0 01 01 01 00 F0 06 00 00 AA AA AA 2A 
0 01 01 01 00 EC 06 00 00 00 00 00 00 
0 01 01 01 00 E4 06 00 00 00 00 00 00 
1 01 00 01 00 00 08 00 00 
0 01 01 01 00 CC 06 00 00 01 00 00 00 
0 01 01 01 00 FC 06 00 00 30 00 00 00 
1 01 00 01 00 00 08 00 00 
0 01 01 01 00 00 08 00 00 07 00 01 00 
1 01 00 07 00 B0 06 00 00 
0 01 01 01 00 C8 06 00 00 00 00 00 00 
1 01 00 01 00 00 08 00 00 
1 01 00 01 00 10 06 00 00 
1 09 00 08 00 00 00 00 00 42 8D 14 00 26 22 00 00 
1 01 00 01 00 18 06 00 00 
1 01 00 01 00 00 08 00 00 
1 01 00 01 00 00 08 00 00 
1 01 00 01 00 CC 06 00 00 
0 01 01 01 00 F8 06 00 00 83 00 00 00 
0 01 01 01 00 F4 06 00 00 26 22 00 00 
1 01 00 01 00 00 08 00 00 
0 01 01 01 00 F0 06 00 00 AA AA AA 2A 
0 01 01 01 00 EC 06 00 00 00 00 00 00 
0 01 01 01 00 E4 06 00 00 00 00 00 00 
0 01 01 01 00 CC 06 00 00 01 00 00 00 
0 01 01 01 00 FC 06 00 00 30 00 00 00 
1 01 00 01 00 00 08 00 00 
1 01 00 01 00 00 08 00 00 
0 01 01 01 00 00 08 00 00 07 00 01 00 
1 01 00 07 00 B0 06 00 00 
0 01 01 01 00 C8 06 00 00 00 00 00 00 
1 01 00 01 00 00 08 00 00 
1 09 00 08 00 00 00 00 00 68 AF 14 00 C8 21 00 00 
1 01 00 01 00 00 08 00 00 
1 01 00 01 00 CC 06 00 00 
0 01 01 01 00 F8 06 00 00 83 00 00 00 
1 01 00 01 00 00 08 00 00 
0 01 01 01 00 F4 06 00 00 C8 21 00 00 
0 01 01 01 00 F0 06 00 00 AA AA AA 2A 
0 01 01 01 00 EC 06 00 00 00 00 00 00 
0 01 01 01 00 E4 06 00 00 00 00 00 00 
1 01 00 01 00 00 08 00 00 
0 01 01 01 00 CC 06 00 00 01 00 00 00 
0 01 01 01 00 FC 06 00 00 30 00 00 00 
1 01 00 01 00 00 08 00 00 
0 01 01 01 00 00 08 00 00 07 00 01 00 
1 01 00 07 00 B0 06 00 00 
0 01 01 01 00 C8 06 00 00 00 00 00 00 
1 01 00 01 00 00 08 00 00 
1 09 00 08 00 00 00 00 00 30 D1 14 00 0C 21 00 00 
1 01 00 01 00 00 08 00 00 
1 01 00 01 00 CC 06 00 00 
0 01 01 01 00 F8 06 00 00 83 00 00 00 
0 01 01 01 00 F4 06 00 00 0C 21 00 00 
0 01 01 01 00 F0 06 00 00 AA AA AA 2A 
0 01 01 01 00 EC 06 00 00 00 00 00 00 
1 01 00 01 00 00 08 00 00 
0 01 01 01 00 E4 06 00 00 00 00 00 00 
0 01 01 01 00 CC 06 00 00 01 00 00 00 
0 01 01 01 00 FC 06 00 00 30 00 00 00 
1 01 00 01 00 00 08 00 00 
1 01 00 01 00 00 08 00 00 
0 01 01 01 00 00 08 00 00 07 00 01 00 
1 01 00 07 00 B0 06 00 00 
0 01 01 01 00 C8 06 00 00 00 00 00 00 
1 01 00 01 00 00 08 00 00 
1 09 00 08 00 00 00 00 00 3C F2 14 00 F2 1F 00 00 
1 01 00 01 00 00 08 00 00 
1 01 00 01 00 CC 06 00 00 
0 01 01 01 00 F8 06 00 00 83 00 00 00 
0 01 01 01 00 F4 06 00 00 F2 1F 00 00 
0 01 01 01 00 F0 06 00 00 AA AA AA 2A 
1 01 00 01 00 00 08 00 00 
0 01 01 01 00 EC 06 00 00 00 00 00 00 
0 01 01 01 00 E4 06 00 00 00 00 00 00 
0 01 01 01 00 CC 06 00 00 01 00 00 00 
0 01 01 01 00 FC 06 00 00 30 00 00 00 
1 01 00 01 00 00 08 00 00 
1 01 00 01 00 00 08 00 00 
1 01 00 01 00 10 06 00 00 
1 01 00 01 00 18 06 00 00 
1 01 00 01 00 00 08 00 00 
1 01 00 01 00 00 08 00 00 
0 01 01 01 00 00 08 00 00 07 00 01 00 
1 01 00 07 00 B0 06 00 00 
0 01 01 01 00 C8 06 00 00 00 00 00 00 
1 01 00 01 00 00 08 00 00 
1 09 00 08 00 00 00 00 00 2E 12 15 00 F2 1F 00 00 
1 01 00 01 00 00 08 00 00 
1 01 00 01 00 CC 06 00 00 
0 01 01 01 00 F8 06 00 00 83 00 00 00 
0 01 01 01 00 F4 06 00 00 F2 1F 00 00 
0 01 01 01 00 F0 06 00 00 AA AA AA 2A 
0 01 01 01 00 EC 06 00 00 00 00 00 00 
1 01 00 01 00 00 08 00 00 
0 01 01 01 00 E4 06 00 00 00 00 00 00 
0 01 01 01 00 CC 06 00 00 01 00 00 00 
0 01 01 01 00 FC 06 00 00 30 00 00 00 
1 01 00 01 00 00 08 00 00 
1 01 00 01 00 00 08 00 00 
0 01 01 01 00 00 08 00 00 07 00 01 00 
1 01 00 07 00 B0 06 00 00 
0 01 01 01 00 C8 06 00 00 00 00 00 00 
1 01 00 01 00 00 08 00 00 
1 09 00 08 00 00 00 00 00 20 32 15 00 36 1F 00 00 
1 01 00 01 00 00 08 00 00 
1 01 00 01 00 CC 06 00 00 
1 01 00 01 00 00 08 00 00 
0 01 01 01 00 F8 06 00 00 83 00 00 00 
0 01 01 01 00 F4 06 00 00 36 1F 00 00 
0 01 01 01 00 F0 06 00 00 AA AA AA 2A 
1 01 00 01 00 00 08 00 00 
0 01 01 01 00 EC 06 00 00 00 00 00 00 
0 01 01 01 00 E4 06 00 00 00 00 00 00 
0 01 01 01 00 CC 06 00 00 01 00 00 00 
0 01 01 01 00 FC 06 00 00 30 00 00 00 
1 01 00 01 00 00 08 00 00 
1 01 00 01 00 00 08 00 00 
0 01 01 01 00 00 08 00 00 07 00 01 00 
1 01 00 07 00 B0 06 00 00 
0 01 01 01 00 C8 06 00 00 00 00 00 00 
1 01 00 01 00 00 08 00 00 
1 09 00 08 00 00 00 00 00 56 51 15 00 36 1F 00 00 
1 01 00 01 00 00 08 00 00 
1 01 00 01 00 CC 06 00 00 
0 01 01 01 00 F8 06 00 00 83 00 00 00 
1 01 00 01 00 00 08 00 00 
0 01 01 01 00 F4 06 00 00 36 1F 00 00 
0 01 01 01 00 F0 06 00 00 AA AA AA 2A 
0 01 01 01 00 EC 06 00 00 00 00 00 00 
0 01 01 01 00 E4 06 00 00 00 00 00 00 
1 01 00 01 00 00 08 00 00 
0 01 01 01 00 CC 06 00 00 01 00 00 00 
0 01 01 01 00 FC 06 00 00 30 00 00 00 
1 01 00 01 00 00 08 00 00 
0 01 01 01 00 00 08 00 00 07 00 01 00 
1 01 00 07 00 B0 06 00 00 
0 01 01 01 00 C8 06 00 00 00 00 00 00 
1 01 00 01 00 00 08 00 00 
1 09 00 08 00 00 00 00 00 8C 70 15 00 7A 1E 00 00 
1 01 00 01 00 00 08 00 00 
1 01 00 01 00 CC 06 00 00 
0 01 01 01 00 F8 06 00 00 83 00 00 00 
0 01 01 01 00 F4 06 00 00 7A 1E 00 00 
0 01 01 01 00 F0 06 00 00 AA AA AA 2A 
0 01 01 01 00 EC 06 00 00 00 00 00 00 
1 01 00 01 00 00 08 00 00 
0 01 01 01 00 E4 06 00 00 00 00 00 00 
0 01 01 01 00 CC 06 00 00 01 00 00 00 
0 01 01 01 00 FC 06 00 00 30 00 00 00 
1 01 00 01 00 00 08 00 00 
1 01 00 01 00 00 08 00 00 
1 01 00 01 00 10 06 00 00 
1 01 00 01 00 18 06 00 00 
1 01 00 01 00 00 08 00 00 
1 01 00 01 00 00 08 00 00 
0 01 01 01 00 00 08 00 00 07 00 01 00 
1 01 00 07 00 B0 06 00 00 
0 01 01 01 00 C8 06 00 00 00 00 00 00 
1 01 00 01 00 00 08 00 00 
1 09 00 08 00 00 00 00 00 06 8F 15 00 A9 1E 00 00 
1 01 00 01 00 00 08 00 00 
1 01 00 01 00 CC 06 00 00 
1 01 00 01 00 00 08 00 00 
0 01 01 01 00 F8 06 00 00 83 00 00 00 
0 01 01 01 00 F4 06 00 00 A9 1E 00 00 
0 01 01 01 00 F0 06 00 00 AA AA AA 2A 
0 01 01 01 00 EC 06 00 00 00 00 00 00 
1 01 00 01 00 00 08 00 00 
0 01 01 01 00 E4 06 00 00 00 00 00 00 
0 01 01 01 00 CC 06 00 00 01 00 00 00 
0 01 01 01 00 FC 06 00 00 30 00 00 00 
1 01 00 01 00 00 08 00 00 
1 01 00 01 00 00 08 00 00 
0 01 01 01 00 00 08 00 00 07 00 01 00 
1 01 00 07 00 B0 06 00 00 
0 01 01 01 00 C8 06 00 00 00 00 00 00 
1 01 00 01 00 00 08 00 00 
1 09 00 08 00 00 00 00 00 AF AD 15 00 7A 1E 00 00 
1 01 00 01 00 00 08 00 00 
1 01 00 01 00 CC 06 00 00 
0 01 01 01 00 F8 06 00 00 83 00 00 00 
0 01 01 01 00 F4 06 00 00 7A 1E 00 00 
1 01 00 01 00 00 08 00 00 
0 01 01 01 00 F0 06 00 00 AA AA AA 2A 
0 01 01 01 00 EC 06 00 00 00 00 00 00 
0 01 01 01 00 E4 06 00 00 00 00 00 00 
0 01 01 01 00 CC 06 00 00 01 00 00 00 
1 01 00 01 00 00 08 00 00 
0 01 01 01 00 FC 06 00 00 30 00 00 00 
1 01 00 01 00 00 08 00 00 
1 01 00 01 00 00 08 00 00 
0 01 01 01 00 00 08 00 00 07 00 01 00 
1 01 00 07 00 B0 06 00 00 
0 01 01 01 00 C8 06 00 00 00 00 00 00 
1 01 00 01 00 00 08 00 00 
1 09 00 08 00 00 00 00 00 29 CC 15 00 BE 1D 00 00 
1 01 00 01 00 CC 06 00 00 
1 01 00 01 00 00 08 00 00 
0 01 01 01 00 F8 06 00 00 83 00 00 00 
0 01 01 01 00 F4 06 00 00 BE 1D 00 00 
0 01 01 01 00 F0 06 00 00 AA AA AA 2A 
0 01 01 01 00 EC 06 00 00 00 00 00 00 
1 01 00 01 00 00 08 00 00 
0 01 01 01 00 E4 06 00 00 00 00 00 00 
0 01 01 01 00 CC 06 00 00 01 00 00 00 
0 01 01 01 00 FC 06 00 00 30 00 00 00 
1 01 00 01 00 00 08 00 00 
1 01 00 01 00 00 08 00 00 
0 01 01 01 00 00 08 00 00 07 00 01 00 
1 01 00 07 00 B0 06 00 00 
0 01 01 01 00 C8 06 00 00 00 00 00 00 
1 01 00 01 00 00 08 00 00 
1 09 00 08 00 00 00 00 00 E7 E9 15 00 ED 1D 00 00 
1 01 00 01 00 00 08 00 00 
1 01 00 01 00 00 08 00 00 
1 01 00 01 00 CC 06 00 00 
0 01 01 01 00 F8 06 00 00 83 00 00 00 
0 01 01 01 00 F4 06 00 00 ED 1D 00 00 
0 01 01 01 00 F0 06 00 00 AA AA AA 2A 
1 01 00 01 00 00 08 00 00 
0 01 01 01 00 EC 06 00 00 00 00 00 00 
0 01 01 01 00 E4 06 00 00 00 00 00 00 
0 01 01 01 00 CC 06 00 00 01 00 00 00 
1 01 00 01 00 00 08 00 00 
1 01 00 01 00 10 06 00 00 
0 01 01 01 00 FC 06 00 00 30 00 00 00 
1 01 00 01 00 18 06 00 00 
1 01 00 01 00 00 08 00 00 
1 01 00 01 00 00 08 00 00 
0 01 01 01 00 00 08 00 00 07 00 01 00 
1 01 00 07 00 B0 06 00 00 
1 01 00 01 00 00 08 00 00 
0 01 01 01 00 C8 06 00 00 00 00 00 00 
1 09 00 08 00 00 00 00 00 D4 07 16 00 60 1D 00 00 
1 01 00 01 00 00 08 00 00 
1 01 00 01 00 00 08 00 00 
1 01 00 01 00 CC 06 00 00 
0 01 01 01 00 F8 06 00 00 83 00 00 00 
0 01 01 01 00 F4 06 00 00 60 1D 00 00 
1 01 00 01 00 00 08 00 00 
0 01 01 01 00 F0 06 00 00 AA AA AA 2A 
0 01 01 01 00 EC 06 00 00 00 00 00 00 
0 01 01 01 00 E4 06 00 00 00 00 00 00 
1 01 00 01 00 00 08 00 00 
0 01 01 01 00 CC 06 00 00 01 00 00 00 
0 01 01 01 00 FC 06 00 00 30 00 00 00 
1 01 00 01 00 00 08 00 00 
0 01 01 01 00 00 08 00 00 07 00 01 00 
1 01 00 07 00 B0 06 00 00 
0 01 01 01 00 C8 06 00 00 00 00 00 00 
1 01 00 01 00 00 08 00 00 
1 09 00 08 00 00 00 00 00 34 25 16 00 8F 1D 00 00 
1 01 00 01 00 00 08 00 00 
1 01 00 01 00 CC 06 00 00 
0 01 01 01 00 F8 06 00 00 83 00 00 00 
0 01 01 01 00 F4 06 00 00 8F 1D 00 00 
0 01 01 01 00 F0 06 00 00 AA AA AA 2A 
0 01 01 01 00 EC 06 00 00 00 00 00 00 
1 01 00 01 00 00 08 00 00 
0 01 01 01 00 E4 06 00 00 00 00 00 00 
0 01 01 01 00 CC 06 00 00 01 00 00 00 
0 01 01 01 00 FC 06 00 00 30 00 00 00 
1 01 00 01 00 00 08 00 00 
1 01 00 01 00 00 08 00 00 
0 01 01 01 00 00 08 00 00 07 00 01 00 
1 01 00 07 00 B0 06 00 00 
0 01 01 01 00 C8 06 00 00 00 00 00 00 
1 01 00 01 00 00 08 00 00 
1 09 00 08 00 00 00 00 00 C3 42 16 00 02 1D 00 00 
1 01 00 01 00 00 08 00 00 
1 01 00 01 00 CC 06 00 00 
0 01 01 01 00 F8 06 00 00 83 00 00 00 
1 01 00 01 00 00 08 00 00 
0 01 01 01 00 F4 06 00 00 02 1D 00 00 
0 01 01 01 00 F0 06 00 00 AA AA AA 2A 
0 01 01 01 00 EC 06 00 00 00 00 00 00 
1 01 00 01 00 00 08 00 00 
0 01 01 01 00 E4 06 00 00 00 00 00 00 
0 01 01 01 00 CC 06 00 00 01 00 00 00 
0 01 01 01 00 FC 06 00 00 30 00 00 00 
1 01 00 01 00 00 08 00 00 
1 01 00 01 00 00 08 00 00 
1 01 00 01 00 10 06 00 00 
1 01 00 01 00 18 06 00 00 
0 01 01 01 00 00 08 00 00 07 00 01 00 
1 01 00 07 00 B0 06 00 00 
0 01 01 01 00 C8 06 00 00 00 00 00 00 
1 09 00 08 00 00 00 00 00 C5 5F 16 00 60 1D 00 00 
1 01 00 01 00 00 08 00 00 
1 01 00 01 00 00 08 00 00 
1 01 00 01 00 CC 06 00 00 
0 01 01 01 00 F8 06 00 00 83 00 00 00 
0 01 01 01 00 F4 06 00 00 60 1D 00 00 
0 01 01 01 00 F0 06 00 00 AA AA AA 2A 
1 01 00 01 00 00 08 00 00 
0 01 01 01 00 EC 06 00 00 00 00 00 00 
0 01 01 01 00 E4 06 00 00 00 00 00 00 
0 01 01 01 00 CC 06 00 00 01 00 00 00 
0 01 01 01 00 FC 06 00 00 30 00 00 00 
1 01 00 01 00 00 08 00 00 
1 01 00 01 00 00 08 00 00 
0 01 01 01 00 00 08 00 00 07 00 01 00 
1 01 00 07 00 B0 06 00 00 
0 01 01 01 00 C8 06 00 00 00 00 00 00 
1 01 00 01 00 00 08 00 00 
1 09 00 08 00 00 00 00 00 25 7D 16 00 31 1D 00 00 
1 01 00 01 00 CC 06 00 00 
1 01 00 01 00 00 08 00 00 
0 01 01 01 00 F8 06 00 00 83 00 00 00 
0 01 01 01 00 F4 06 00 00 31 1D 00 00 
0 01 01 01 00 F0 06 00 00 AA AA AA 2A 
0 01 01 01 00 EC 06 00 00 00 00 00 00 
1 01 00 01 00 00 08 00 00 
0 01 01 01 00 E4 06 00 00 00 00 00 00 
0 01 01 01 00 CC 06 00 00 01 00 00 00 
0 01 01 01 00 FC 06 00 00 30 00 00 00 
1 01 00 01 00 00 08 00 00 
1 01 00 01 00 00 08 00 00 
0 01 01 01 00 00 08 00 00 07 00 01 00 
1 01 00 07 00 B0 06 00 00 
0 01 01 01 00 C8 06 00 00 00 00 00 00 
1 01 00 01 00 00 08 00 00 
1 09 00 08 00 00 00 00 00 56 9A 16 00 75 1C 00 00 
1 01 00 01 00 00 08 00 00 
1 01 00 01 00 CC 06 00 00 
0 01 01 01 00 F8 06 00 00 83 00 00 00 
1 01 00 01 00 00 08 00 00 
0 01 01 01 00 F4 06 00 00 75 1C 00 00 
0 01 01 01 00 F0 06 00 00 AA AA AA 2A 
0 01 01 01 00 EC 06 00 00 00 00 00 00 
0 01 01 01 00 E4 06 00 00 00 00 00 00 
1 01 00 01 00 00 08 00 00 
0 01 01 01 00 CC 06 00 00 01 00 00 00 
0 01 01 01 00 FC 06 00 00 30 00 00 00 
1 01 00 01 00 00 08 00 00 
0 01 01 01 00 00 08 00 00 07 00 01 00 
1 01 00 07 00 B0 06 00 00 
0 01 01 01 00 C8 06 00 00 00 00 00 00 
1 01 00 01 00 00 08 00 00 
1 09 00 08 00 00 00 00 00 CB B6 16 00 D3 1C 00 00 
1 01 00 01 00 00 08 00 00 
1 01 00 01 00 CC 06 00 00 
0 01 01 01 00 F8 06 00 00 83 00 00 00 
0 01 01 01 00 F4 06 00 00 D3 1C 00 00 
0 01 01 01 00 F0 06 00 00 AA AA AA 2A 
0 01 01 01 00 EC 06 00 00 00 00 00 00 
0 01 01 01 00 E4 06 00 00 00 00 00 00 
1 01 00 01 00 00 08 00 00 
0 01 01 01 00 CC 06 00 00 01 00 00 00 
0 01 01 01 00 FC 06 00 00 30 00 00 00 
1 01 00 01 00 00 08 00 00 
1 01 00 01 00 10 06 00 00 
1 01 00 01 00 18 06 00 00 
1 01 00 01 00 00 08 00 00 
1 01 00 01 00 00 08 00 00 
0 01 01 01 00 00 08 00 00 07 00 01 00 
1 01 00 07 00 B0 06 00 00 
0 01 01 01 00 C8 06 00 00 00 00 00 00 
1 01 00 01 00 00 08 00 00 
1 09 00 08 00 00 00 00 00 9E D3 16 00 46 1C 00 00 
1 01 00 01 00 00 08 00 00 
1 01 00 01 00 CC 06 00 00 
1 01 00 01 00 00 08 00 00 
0 01 01 01 00 F8 06 00 00 83 00 00 00 
0 01 01 01 00 F4 06 00 00 46 1C 00 00 
0 01 01 01 00 F0 06 00 00 AA AA AA 2A 
0 01 01 01 00 EC 06 00 00 00 00 00 00 
1 01 00 01 00 00 08 00 00 
0 01 01 01 00 E4 06 00 00 00 00 00 00 
0 01 01 01 00 CC 06 00 00 01 00 00 00 
0 01 01 01 00 FC 06 00 00 30 00 00 00 
1 01 00 01 00 00 08 00 00 
1 01 00 01 00 00 08 00 00 
0 01 01 01 00 00 08 00 00 07 00 01 00 
1 01 00 07 00 B0 06 00 00 
0 01 01 01 00 C8 06 00 00 00 00 00 00 
1 01 00 01 00 00 08 00 00 
1 09 00 08 00 00 00 00 00 E4 EF 16 00 00 80 00 00 
1 01 00 01 00 00 08 00 00 
0 01 01 01 00 00 08 00 00 07 00 01 00 
1 01 00 07 00 B0 06 00 00 
1 01 00 01 00 00 08 00 00 
0 01 01 01 00 C8 06 00 00 00 00 00 00 
1 01 00 01 00 00 08 00 00 
1 01 00 01 00 00 08 00 00 
1 01 00 01 00 00 08 00 00 
1 09 00 08 00 00 00 00 00 E4 6F 17 00 9B 1C 00 00 
1 01 00 01 00 00 08 00 00 
1 01 00 01 00 CC 06 00 00 
1 01 00 01 00 00 08 00 00 
0 01 01 01 00 F8 06 00 00 83 00 00 00 
0 01 01 01 00 F4 06 00 00 9B 9C 00 00 
0 01 01 01 00 F0 06 00 00 AA AA AA 2A 
0 01 01 01 00 EC 06 00 00 00 00 00 00 
1 01 00 01 00 00 08 00 00 
0 01 01 01 00 E4 06 00 00 00 00 00 00 
0 01 01 01 00 CC 06 00 00 01 00 00 00 
0 01 01 01 00 FC 06 00 00 30 00 00 00 
1 09 00 08 00 00 00 00 00 7F 8C 17 00 10 5B 00 00 
1 01 00 01 00 00 08 00 00 
1 01 00 01 00 00 08 00 00 
1 01 00 01 00 CC 06 00 00 
0 01 01 01 00 F8 06 00 00 83 00 00 00 
0 01 01 01 00 F4 06 00 00 10 5B 00 00 
0 01 01 01 00 F0 06 00 00 AA AA AA 2A 
0 01 01 01 00 EC 06 00 00 00 00 00 00 
1 01 00 01 00 00 08 00 00 
0 01 01 01 00 E4 06 00 00 00 00 00 00 
0 01 01 01 00 CC 06 00 00 01 00 00 00 
0 01 01 01 00 FC 06 00 00 30 00 00 00 
1 01 00 01 00 00 08 00 00 
1 01 00 01 00 00 08 00 00 
0 01 01 01 00 00 08 00 00 07 00 01 00 
1 01 00 07 00 B0 06 00 00 
1 01 00 01 00 00 08 00 00 
0 01 01 01 00 C8 06 00 00 00 00 00 00 
1 09 00 08 00 00 00 00 00 8F E7 17 00 00 80 00 00 
1 01 00 01 00 00 08 00 00 
1 01 00 01 00 00 08 00 00 
0 01 01 01 00 00 08 00 00 07 00 01 00 
1 01 00 07 00 B0 06 00 00 
0 01 01 01 00 C8 06 00 00 00 00 00 00 
1 01 00 01 00 00 08 00 00 
1 01 00 01 00 00 08 00 00 
1 09 00 08 00 00 00 00 00 8F 67 18 00 28 1D 00 00 
1 01 00 01 00 00 08 00 00 
1 01 00 01 00 00 08 00 00 
1 01 00 01 00 CC 06 00 00 
1 01 00 01 00 00 08 00 00 
0 01 01 01 00 F8 06 00 00 83 00 00 00 
0 01 01 01 00 F4 06 00 00 28 9D 00 00 
0 01 01 01 00 F0 06 00 00 AA AA AA 2A 
0 01 01 01 00 EC 06 00 00 00 00 00 00 
1 01 00 01 00 00 08 00 00 
0 01 01 01 00 E4 06 00 00 00 00 00 00 
0 01 01 01 00 CC 06 00 00 01 00 00 00 
0 01 01 01 00 FC 06 00 00 30 00 00 00 
1 09 00 08 00 00 00 00 00 B7 84 18 00 0E 0F 00 00 
1 01 00 01 00 00 08 00 00 
1 01 00 01 00 00 08 00 00 
1 01 00 01 00 CC 06 00 00 
1 01 00 01 00 00 08 00 00 
0 01 01 01 00 F8 06 00 00 83 00 00 00 
0 01 01 01 00 F4 06 00 00 0E 0F 00 00 
0 01 01 01 00 F0 06 00 00 AA AA AA 2A 
0 01 01 01 00 EC 06 00 00 00 00 00 00 
0 01 01 01 00 E4 06 00 00 00 00 00 00 
1 01 00 01 00 00 08 00 00 
0 01 01 01 00 CC 06 00 00 01 00 00 00 
0 01 01 01 00 FC 06 00 00 30 00 00 00 
1 01 00 01 00 00 08 00 00 
0 01 01 01 00 00 08 00 00 07 00 01 00 
1 01 00 07 00 B0 06 00 00 
1 01 00 01 00 00 08 00 00 
0 01 01 01 00 C8 06 00 00 00 00 00 00 
1 09 00 08 00 00 00 00 00 C5 93 18 00 F4 3C 00 00 
1 01 00 01 00 00 08 00 00 
1 01 00 01 00 00 08 00 00 
1 01 00 01 00 10 06 00 00 
1 01 00 01 00 CC 06 00 00 
1 01 00 01 00 18 06 00 00 
1 01 00 01 00 00 08 00 00 
0 01 01 01 00 F8 06 00 00 83 00 00 00 
0 01 01 01 00 F4 06 00 00 F4 3C 00 00 
0 01 01 01 00 F0 06 00 00 AA AA AA 2A 
0 01 01 01 00 EC 06 00 00 00 00 00 00 
0 01 01 01 00 E4 06 00 00 00 00 00 00 
0 01 01 01 00 CC 06 00 00 01 00 00 00 
1 01 00 01 00 00 08 00 00 
0 01 01 01 00 FC 06 00 00 30 00 00 00 
1 01 00 01 00 00 08 00 00 
1 01 00 01 00 00 08 00 00 
0 01 01 01 00 00 08 00 00 07 00 01 00 
1 01 00 07 00 B0 06 00 00 
1 01 00 01 00 00 08 00 00 
0 01 01 01 00 C8 06 00 00 00 00 00 00 
1 09 00 08 00 00 00 00 00 B9 D0 18 00 0A 33 00 00 
1 01 00 01 00 00 08 00 00 
1 01 00 01 00 00 08 00 00 
1 01 00 01 00 CC 06 00 00 
0 01 01 01 00 F8 06 00 00 83 00 00 00 
0 01 01 01 00 F4 06 00 00 0A 33 00 00 
1 01 00 01 00 00 08 00 00 
0 01 01 01 00 F0 06 00 00 AA AA AA 2A 
0 01 01 01 00 EC 06 00 00 00 00 00 00 
0 01 01 01 00 E4 06 00 00 00 00 00 00 
0 01 01 01 00 CC 06 00 00 01 00 00 00 
1 01 00 01 00 00 08 00 00 
0 01 01 01 00 FC 06 00 00 30 00 00 00 
1 01 00 01 00 00 08 00 00 
1 01 00 01 00 00 08 00 00 
0 01 01 01 00 00 08 00 00 07 00 01 00 
1 01 00 07 00 B0 06 00 00 
0 01 01 01 00 C8 06 00 00 00 00 00 00 
1 09 00 08 00 00 00 00 00 C3 03 19 00 E6 2D 00 00 
1 01 00 01 00 00 08 00 00 
1 01 00 01 00 00 08 00 00 
1 01 00 01 00 CC 06 00 00 
0 01 01 01 00 F8 06 00 00 83 00 00 00 
0 01 01 01 00 F4 06 00 00 E6 2D 00 00 
1 01 00 01 00 00 08 00 00 
0 01 01 01 00 F0 06 00 00 AA AA AA 2A 
0 01 01 01 00 EC 06 00 00 00 00 00 00 
0 01 01 01 00 E4 06 00 00 00 00 00 00 
0 01 01 01 00 CC 06 00 00 01 00 00 00 
1 01 00 01 00 00 08 00 00 
0 01 01 01 00 FC 06 00 00 30 00 00 00 
1 01 00 01 00 00 08 00 00 
1 01 00 01 00 00 08 00 00 
0 01 01 01 00 00 08 00 00 07 00 01 00 
1 01 00 07 00 B0 06 00 00 
0 01 01 01 00 C8 06 00 00 00 00 00 00 
1 01 00 01 00 00 08 00 00 
1 09 00 08 00 00 00 00 00 A9 31 19 00 57 20 00 00 
1 01 00 01 00 00 08 00 00 
0 01 01 01 00 00 08 00 00 07 00 01 00 
1 01 00 07 00 B0 06 00 00 
1 01 01 01 00 C8 06 00 00 00 00 00 00 
1 01 00 01 00 00 08 00 00 
1 01 00 01 00 CC 06 00 00 
0 01 01 01 00 F8 06 00 00 83 00 00 00 
0 01 01 01 00 F4 06 00 00 57 20 00 00 
0 01 01 01 00 F0 06 00 00 AA AA AA 2A 
0 01 01 01 00 EC 06 00 00 00 00 00 00 
1 01 00 01 00 00 08 00 00 
0 01 01 01 00 E4 06 00 00 00 00 00 00 
0 01 01 01 00 CC 06 00 00 01 00 00 00 
0 01 01 01 00 FC 06 00 00 30 00 00 00 
1 09 00 08 00 00 00 00 00 00 7F 12 00 12 0A 00 00 
1 01 00 01 00 00 08 00 00 
1 01 00 01 00 00 08 00 00 
1 01 00 01 00 CC 06 00 00 
0 01 01 01 00 F8 06 00 00 83 00 00 00 
0 01 01 01 00 F4 06 00 00 12 0A 00 00 
0 01 01 01 00 F0 06 00 00 AA AA AA 2A 
1 01 00 01 00 00 08 00 00 
0 01 01 01 00 EC 06 00 00 01 00 00 00 
0 01 01 01 00 E4 06 00 00 00 00 00 00 
0 01 01 01 00 CC 06 00 00 01 00 00 00 
0 01 01 01 00 FC 06 00 00 30 00 00 00 
1 01 00 01 00 00 08 00 00 
0 01 01 01 00 00 08 00 00 07 00 01 00 
1 01 00 07 00 B0 06 00 00 
0 01 01 01 00 C8 06 00 00 00 00 00 00 
1 01 00 01 00 00 08 00 00 
1 09 00 08 00 00 00 00 00 12 89 12 00 A8 27 00 00 
1 01 00 01 00 00 08 00 00 
1 01 00 01 00 10 06 00 00 
1 01 00 01 00 CC 06 00 00 
1 01 00 01 00 18 06 00 00 
1 01 00 01 00 00 08 00 00 
0 01 01 01 00 F8 06 00 00 83 00 00 00 
0 01 01 01 00 F4 06 00 00 A8 27 00 00 
0 01 01 01 00 F0 06 00 00 AA AA AA 2A 
1 01 00 01 00 00 08 00 00 
0 01 01 01 00 EC 06 00 00 00 00 00 00 
0 01 01 01 00 E4 06 00 00 00 00 00 00 
0 01 01 01 00 CC 06 00 00 01 00 00 00 
0 01 01 01 00 FC 06 00 00 30 00 00 00 
1 01 00 01 00 00 08 00 00 
0 01 01 01 00 00 08 00 00 07 00 01 00 
1 01 00 07 00 B0 06 00 00 
0 01 01 01 00 C8 06 00 00 00 00 00 00 
1 01 00 01 00 00 08 00 00 
1 09 00 08 00 00 00 00 00 BA B0 12 00 5F 26 00 00 
1 01 00 01 00 00 08 00 00 
1 01 00 01 00 CC 06 00 00 
0 01 01 01 00 F8 06 00 00 83 00 00 00 
1 01 00 01 00 00 08 00 00 
0 01 01 01 00 F4 06 00 00 5F 26 00 00 
0 01 01 01 00 F0 06 00 00 AA AA AA 2A 
0 01 01 01 00 EC 06 00 00 00 00 00 00 
0 01 01 01 00 E4 06 00 00 00 00 00 00 
1 01 00 01 00 00 08 00 00 
0 01 01 01 00 CC 06 00 00 01 00 00 00 
0 01 01 01 00 FC 06 00 00 30 00 00 00 
1 01 00 01 00 00 08 00 00 
0 01 01 01 00 00 08 00 00 07 00 01 00 
1 01 00 07 00 B0 06 00 00 
0 01 01 01 00 C8 06 00 00 00 00 00 00 
1 01 00 01 00 00 08 00 00 
1 09 00 08 00 00 00 00 00 19 D7 12 00 89 24 00 00 
1 01 00 01 00 00 08 00 00 
1 01 00 01 00 CC 06 00 00 
1 01 00 01 00 00 08 00 00 
0 01 01 01 00 F8 06 00 00 83 00 00 00 
0 01 01 01 00 F4 06 00 00 89 24 00 00 
0 01 01 01 00 F0 06 00 00 AA AA AA 2A 
1 01 00 01 00 00 08 00 00 
0 01 01 01 00 EC 06 00 00 00 00 00 00 
0 01 01 01 00 E4 06 00 00 00 00 00 00 
0 01 01 01 00 CC 06 00 00 01 00 00 00 
0 01 01 01 00 FC 06 00 00 30 00 00 00 
1 01 00 01 00 00 08 00 00 
1 01 00 01 00 00 08 00 00 
0 01 01 01 00 00 08 00 00 07 00 01 00 
1 01 00 07 00 B0 06 00 00 
0 01 01 01 00 C8 06 00 00 00 00 00 00 
1 01 00 01 00 00 08 00 00 
1 09 00 08 00 00 00 00 00 A2 FB 12 00 CD 23 00 00 
1 01 00 01 00 00 08 00 00 
1 01 00 01 00 CC 06 00 00 
0 01 01 01 00 F8 06 00 00 83 00 00 00 
0 01 01 01 00 F4 06 00 00 CD 23 00 00 
0 01 01 01 00 F0 06 00 00 AA AA AA 2A 
1 01 00 01 00 00 08 00 00 
0 01 01 01 00 EC 06 00 00 00 00 00 00 
0 01 01 01 00 E4 06 00 00 00 00 00 00 
0 01 01 01 00 CC 06 00 00 01 00 00 00 
0 01 01 01 00 FC 06 00 00 30 00 00 00 
1 01 00 01 00 00 08 00 00 
1 01 00 01 00 00 08 00 00 
1 01 00 01 00 10 06 00 00 
1 01 00 01 00 18 06 00 00 
1 01 00 01 00 00 08 00 00 
0 01 01 01 00 00 08 00 00 07 00 01 00 
1 01 00 07 00 B0 06 00 00 
0 01 01 01 00 C8 06 00 00 00 00 00 00 
1 01 00 01 00 00 08 00 00 
1 09 00 08 00 00 00 00 00 6F 1F 13 00 B3 22 00 00 
1 01 00 01 00 00 08 00 00 
1 01 00 01 00 CC 06 00 00 
0 01 01 01 00 F8 06 00 00 83 00 00 00 
1 01 00 01 00 00 08 00 00 
0 01 01 01 00 F4 06 00 00 B3 22 00 00 
0 01 01 01 00 F0 06 00 00 AA AA AA 2A 
0 01 01 01 00 EC 06 00 00 00 00 00 00 
0 01 01 01 00 E4 06 00 00 00 00 00 00 
1 01 00 01 00 00 08 00 00 
0 01 01 01 00 CC 06 00 00 01 00 00 00 
0 01 01 01 00 FC 06 00 00 30 00 00 00 
1 01 00 01 00 00 08 00 00 
0 01 01 01 00 00 08 00 00 07 00 01 00 
1 01 00 07 00 B0 06 00 00 
0 01 01 01 00 C8 06 00 00 00 00 00 00 
1 01 00 01 00 00 08 00 00 
1 09 00 08 00 00 00 00 00 22 42 13 00 26 22 00 00 
1 01 00 01 00 00 08 00 00 
1 01 00 01 00 CC 06 00 00 
0 01 01 01 00 F8 06 00 00 83 00 00 00 
1 01 00 01 00 00 08 00 00 
0 01 01 01 00 F4 06 00 00 26 22 00 00 
0 01 01 01 00 F0 06 00 00 AA AA AA 2A 
0 01 01 01 00 EC 06 00 00 00 00 00 00 
0 01 01 01 00 E4 06 00 00 00 00 00 00 
1 01 00 01 00 00 08 00 00 
0 01 01 01 00 CC 06 00 00 01 00 00 00 
0 01 01 01 00 FC 06 00 00 30 00 00 00 
1 01 00 01 00 00 08 00 00 
0 01 01 01 00 00 08 00 00 07 00 01 00 
1 01 00 07 00 B0 06 00 00 
0 01 01 01 00 C8 06 00 00 00 00 00 00 
1 01 00 01 00 00 08 00 00 
1 09 00 08 00 00 00 00 00 48 64 13 00 6A 21 00 00 
1 01 00 01 00 00 08 00 00 
1 01 00 01 00 CC 06 00 00 
0 01 01 01 00 F8 06 00 00 83 00 00 00 
0 01 01 01 00 F4 06 00 00 6A 21 00 00 
0 01 01 01 00 F0 06 00 00 AA AA AA 2A 
0 01 01 01 00 EC 06 00 00 00 00 00 00 
1 01 00 01 00 00 08 00 00 
0 01 01 01 00 E4 06 00 00 00 00 00 00 
0 01 01 01 00 CC 06 00 00 01 00 00 00 
0 01 01 01 00 FC 06 00 00 30 00 00 00 
1 01 00 01 00 00 08 00 00 
1 01 00 01 00 00 08 00 00 
0 01 01 01 00 00 08 00 00 07 00 01 00 
1 01 00 07 00 B0 06 00 00 
0 01 01 01 00 C8 06 00 00 00 00 00 00 
1 01 00 01 00 00 08 00 00 
1 09 00 08 00 00 00 00 00 B2 85 13 00 7F 20 00 00 
1 01 00 01 00 00 08 00 00 
1 01 00 01 00 CC 06 00 00 
0 01 01 01 00 F8 06 00 00 83 00 00 00 
0 01 01 01 00 F4 06 00 00 7F 20 00 00 
1 01 00 01 00 00 08 00 00 
0 01 01 01 00 F0 06 00 00 AA AA AA 2A 
0 01 01 01 00 EC 06 00 00 00 00 00 00 
0 01 01 01 00 E4 06 00 00 00 00 00 00 
0 01 01 01 00 CC 06 00 00 01 00 00 00 
0 01 01 01 00 FC 06 00 00 30 00 00 00 
1 01 00 01 00 00 08 00 00 
1 01 00 01 00 00 08 00 00 
1 01 00 01 00 10 06 00 00 
1 01 00 01 00 18 06 00 00 
1 01 00 01 00 00 08 00 00 
1 01 00 01 00 00 08 00 00 
0 01 01 01 00 00 08 00 00 07 00 01 00 
1 01 00 07 00 B0 06 00 00 
0 01 01 01 00 C8 06 00 00 00 00 00 00 
1 01 00 01 00 00 08 00 00 
1 09 00 08 00 00 00 00 00 31 A6 13 00 50 20 00 00 
1 01 00 01 00 00 08 00 00 
1 01 00 01 00 CC 06 00 00 
0 01 01 01 00 F8 06 00 00 83 00 00 00 
0 01 01 01 00 F4 06 00 00 50 20 00 00 
0 01 01 01 00 F0 06 00 00 AA AA AA 2A 
0 01 01 01 00 EC 06 00 00 00 00 00 00 
0 01 01 01 00 E4 06 00 00 00 00 00 00 
1 01 00 01 00 00 08 00 00 
0 01 01 01 00 CC 06 00 00 01 00 00 00 
0 01 01 01 00 FC 06 00 00 30 00 00 00 
1 01 00 01 00 00 08 00 00 
0 01 01 01 00 00 08 00 00 07 00 01 00 
1 01 00 07 00 B0 06 00 00 
1 01 00 01 00 00 08 00 00 
0 01 01 01 00 C8 06 00 00 00 00 00 00 
1 09 00 08 00 00 00 00 00 81 C6 13 00 94 1F 00 00 
1 01 00 01 00 00 08 00 00 
1 01 00 01 00 00 08 00 00 
1 01 00 01 00 CC 06 00 00 
1 01 00 01 00 00 08 00 00 
0 01 01 01 00 F8 06 00 00 83 00 00 00 
0 01 01 01 00 F4 06 00 00 94 1F 00 00 
0 01 01 01 00 F0 06 00 00 AA AA AA 2A 
0 01 01 01 00 EC 06 00 00 00 00 00 00 
0 01 01 01 00 E4 06 00 00 00 00 00 00 
0 01 01 01 00 CC 06 00 00 01 00 00 00 
1 01 00 01 00 00 08 00 00 
0 01 01 01 00 FC 06 00 00 30 00 00 00 
1 01 00 01 00 00 08 00 00 
1 01 00 01 00 00 08 00 00 
0 01 01 01 00 00 08 00 00 07 00 01 00 
1 01 00 07 00 B0 06 00 00 
0 01 01 01 00 C8 06 00 00 00 00 00 00 
1 01 00 01 00 00 08 00 00 
1 09 00 08 00 00 00 00 00 15 E6 13 00 94 1F 00 00 
1 01 00 01 00 00 08 00 00 
1 01 00 01 00 CC 06 00 00 
0 01 01 01 00 F8 06 00 00 83 00 00 00 
0 01 01 01 00 F4 06 00 00 94 1F 00 00 
1 01 00 01 00 00 08 00 00 
0 01 01 01 00 F0 06 00 00 AA AA AA 2A 
0 01 01 01 00 EC 06 00 00 00 00 00 00 
0 01 01 01 00 E4 06 00 00 00 00 00 00 
0 01 01 01 00 CC 06 00 00 01 00 00 00 
1 01 00 01 00 00 08 00 00 
0 01 01 01 00 FC 06 00 00 30 00 00 00 
1 01 00 01 00 00 08 00 00 
1 01 00 01 00 00 08 00 00 
0 01 01 01 00 00 08 00 00 07 00 01 00 
1 01 00 07 00 B0 06 00 00 
0 01 01 01 00 C8 06 00 00 00 00 00 00 
1 09 00 08 00 00 00 00 00 A9 05 14 00 D8 1E 00 00 
1 01 00 01 00 00 08 00 00 
1 01 00 01 00 00 08 00 00 
1 01 00 01 00 CC 06 00 00 
0 01 01 01 00 F8 06 00 00 83 00 00 00 
0 01 01 01 00 F4 06 00 00 D8 1E 00 00 
0 01 01 01 00 F0 06 00 00 AA AA AA 2A 
0 01 01 01 00 EC 06 00 00 00 00 00 00 
0 01 01 01 00 E4 06 00 00 00 00 00 00 
1 01 00 01 00 00 08 00 00 
0 01 01 01 00 CC 06 00 00 01 00 00 00 
0 01 01 01 00 FC 06 00 00 30 00 00 00 
1 01 00 01 00 00 08 00 00 
1 01 00 01 00 10 06 00 00 
1 01 00 01 00 18 06 00 00 
1 01 00 01 00 00 08 00 00 
1 01 00 01 00 00 08 00 00 
0 01 01 01 00 00 08 00 00 07 00 01 00 
1 01 00 07 00 B0 06 00 00 
0 01 01 01 00 C8 06 00 00 00 00 00 00 
1 01 00 01 00 00 08 00 00 
1 09 00 08 00 00 00 00 00 81 24 14 00 D8 1E 00 00 
1 01 00 01 00 00 08 00 00 
1 01 00 01 00 CC 06 00 00 
1 01 00 01 00 00 08 00 00 
0 01 01 01 00 F8 06 00 00 83 00 00 00 
0 01 01 01 00 F4 06 00 00 D8 1E 00 00 
0 01 01 01 00 F0 06 00 00 AA AA AA 2A 
0 01 01 01 00 EC 06 00 00 00 00 00 00 
1 01 00 01 00 00 08 00 00 
0 01 01 01 00 E4 06 00 00 00 00 00 00 
0 01 01 01 00 CC 06 00 00 01 00 00 00 
0 01 01 01 00 FC 06 00 00 30 00 00 00 
1 01 00 01 00 00 08 00 00 
1 01 00 01 00 00 08 00 00 
0 01 01 01 00 00 08 00 00 07 00 01 00 
1 01 00 07 00 B0 06 00 00 
0 01 01 01 00 C8 06 00 00 00 00 00 00 
1 01 00 01 00 00 08 00 00 
1 09 00 08 00 00 00 00 00 59 43 14 00 A9 1E 00 00 
1 01 00 01 00 00 08 00 00 
1 01 00 01 00 CC 06 00 00 
0 01 01 01 00 F8 06 00 00 83 00 00 00 
0 01 01 01 00 F4 06 00 00 A9 1E 00 00 
0 01 01 01 00 F0 06 00 00 AA AA AA 2A 
1 01 00 01 00 00 08 00 00 
0 01 01 01 00 EC 06 00 00 00 00 00 00 
0 01 01 01 00 E4 06 00 00 00 00 00 00 
0 01 01 01 00 CC 06 00 00 01 00 00 00 
0 01 01 01 00 FC 06 00 00 30 00 00 00 
1 01 00 01 00 00 08 00 00 
1 01 00 01 00 00 08 00 00 
0 01 01 01 00 00 08 00 00 07 00 01 00 
1 01 00 07 00 B0 06 00 00 
0 01 01 01 00 C8 06 00 00 00 00 00 00 
1 09 00 08 00 00 00 00 00 02 62 14 00 1C 1E 00 00 
1 01 00 01 00 00 08 00 00 
1 01 00 01 00 00 08 00 00 
1 01 00 01 00 CC 06 00 00 
0 01 01 01 00 F8 06 00 00 83 00 00 00 
1 01 00 01 00 00 08 00 00 
0 01 01 01 00 F4 06 00 00 1C 1E 00 00 
0 01 01 01 00 F0 06 00 00 AA AA AA 2A 
0 01 01 01 00 EC 06 00 00 00 00 00 00 
0 01 01 01 00 E4 06 00 00 00 00 00 00 
0 01 01 01 00 CC 06 00 00 01 00 00 00 
0 01 01 01 00 FC 06 00 00 30 00 00 00 
1 01 00 01 00 00 08 00 00 
1 01 00 01 00 00 08 00 00 
0 01 01 01 00 00 08 00 00 07 00 01 00 
1 01 00 07 00 B0 06 00 00 
0 01 01 01 00 C8 06 00 00 00 00 00 00 
1 09 00 08 00 00 00 00 00 1E 80 14 00 1C 1E 00 00 
1 01 00 01 00 00 08 00 00 
1 01 00 01 00 00 08 00 00 
1 01 00 01 00 CC 06 00 00 
0 01 01 01 00 F8 06 00 00 83 00 00 00 
1 01 00 01 00 00 08 00 00 
0 01 01 01 00 F4 06 00 00 1C 1E 00 00 
0 01 01 01 00 F0 06 00 00 AA AA AA 2A 
0 01 01 01 00 EC 06 00 00 00 00 00 00 
0 01 01 01 00 E4 06 00 00 00 00 00 00 
0 01 01 01 00 CC 06 00 00 01 00 00 00 
0 01 01 01 00 FC 06 00 00 30 00 00 00 
1 01 00 01 00 00 08 00 00 
1 01 00 01 00 00 08 00 00 
1 01 00 01 00 10 06 00 00 
1 01 00 01 00 18 06 00 00 
1 01 00 01 00 00 08 00 00 
0 01 01 01 00 00 08 00 00 07 00 01 00 
1 01 00 07 00 B0 06 00 00 
0 01 01 01 00 C8 06 00 00 00 00 00 00 
1 09 00 08 00 00 00 00 00 3A 9E 14 00 8F 1D 00 00 
1 01 00 01 00 00 08 00 00 
1 01 00 01 00 00 08 00 00 
1 01 00 01 00 CC 06 00 00 
0 01 01 01 00 F8 06 00 00 83 00 00 00 
0 01 01 01 00 F4 06 00 00 8F 1D 00 00 
1 01 00 01 00 00 08 00 00 
0 01 01 01 00 F0 06 00 00 AA AA AA 2A 
0 01 01 01 00 EC 06 00 00 00 00 00 00 
0 01 01 01 00 E4 06 00 00 00 00 00 00 
1 01 00 01 00 00 08 00 00 
0 01 01 01 00 CC 06 00 00 01 00 00 00 
0 01 01 01 00 FC 06 00 00 30 00 00 00 
1 01 00 01 00 00 08 00 00 
0 01 01 01 00 00 08 00 00 07 00 01 00 
1 01 00 07 00 B0 06 00 00 
1 01 00 01 00 00 08 00 00 
0 01 01 01 00 C8 06 00 00 00 00 00 00 
1 09 00 08 00 00 00 00 00 C9 BB 14 00 BE 1D 00 00 
1 01 00 01 00 00 08 00 00 
1 01 00 01 00 00 08 00 00 
1 01 00 01 00 CC 06 00 00 
0 01 01 01 00 F8 06 00 00 83 00 00 00 
0 01 01 01 00 F4 06 00 00 BE 1D 00 00 
0 01 01 01 00 F0 06 00 00 AA AA AA 2A 
0 01 01 01 00 EC 06 00 00 00 00 00 00 
0 01 01 01 00 E4 06 00 00 00 00 00 00 
1 01 00 01 00 00 08 00 00 
0 01 01 01 00 CC 06 00 00 01 00 00 00 
0 01 01 01 00 FC 06 00 00 30 00 00 00 
1 01 00 01 00 00 08 00 00 
0 01 01 01 00 00 08 00 00 07 00 01 00 
1 01 00 07 00 B0 06 00 00 
0 01 01 01 00 C8 06 00 00 00 00 00 00 
1 09 00 08 00 00 00 00 00 87 D9 14 00 02 1D 00 00 
1 01 00 01 00 00 08 00 00 
1 01 00 01 00 00 08 00 00 
1 01 00 01 00 CC 06 00 00 
0 01 01 01 00 F8 06 00 00 83 00 00 00 
1 01 00 01 00 00 08 00 00 
0 01 01 01 00 F4 06 00 00 02 1D 00 00 
0 01 01 01 00 F0 06 00 00 AA AA AA 2A 
0 01 01 01 00 EC 06 00 00 00 00 00 00 
0 01 01 01 00 E4 06 00 00 00 00 00 00 
0 01 01 01 00 CC 06 00 00 01 00 00 00 
0 01 01 01 00 FC 06 00 00 30 00 00 00 
1 01 00 01 00 00 08 00 00 
1 01 00 01 00 00 08 00 00 
1 01 00 01 00 10 06 00 00 
1 01 00 01 00 18 06 00 00 
1 01 00 01 00 00 08 00 00 
1 01 00 01 00 00 08 00 00 
0 01 01 01 00 00 08 00 00 07 00 01 00 
1 01 00 07 00 B0 06 00 00 
0 01 01 01 00 C8 06 00 00 00 00 00 00 
1 01 00 01 00 00 08 00 00 
1 09 00 08 00 00 00 00 00 89 F6 14 00 60 1D 00 00 
1 01 00 01 00 00 08 00 00 
1 01 00 01 00 CC 06 00 00 
1 01 00 01 00 00 08 00 00 
0 01 01 01 00 F8 06 00 00 83 00 00 00 
0 01 01 01 00 F4 06 00 00 60 1D 00 00 
0 01 01 01 00 F0 06 00 00 AA AA AA 2A 
1 01 00 01 00 00 08 00 00 
0 01 01 01 00 EC 06 00 00 00 00 00 00 
0 01 01 01 00 E4 06 00 00 00 00 00 00 
0 01 01 01 00 CC 06 00 00 01 00 00 00 
0 01 01 01 00 FC 06 00 00 30 00 00 00 
1 01 00 01 00 00 08 00 00 
1 01 00 01 00 00 08 00 00 
0 01 01 01 00 00 08 00 00 07 00 01 00 
1 01 00 07 00 B0 06 00 00 
0 01 01 01 00 C8 06 00 00 00 00 00 00 
1 01 00 01 00 00 08 00 00 
1 09 00 08 00 00 00 00 00 E9 13 15 00 31 1D 00 00 
1 01 00 01 00 00 08 00 00 
1 01 00 01 00 CC 06 00 00 
0 01 01 01 00 F8 06 00 00 83 00 00 00 
0 01 01 01 00 F4 06 00 00 31 1D 00 00 
0 01 01 01 00 F0 06 00 00 AA AA AA 2A 
0 01 01 01 00 EC 06 00 00 00 00 00 00 
1 01 00 01 00 00 08 00 00 
0 01 01 01 00 E4 06 00 00 00 00 00 00 
0 01 01 01 00 CC 06 00 00 01 00 00 00 
0 01 01 01 00 FC 06 00 00 30 00 00 00 
1 01 00 01 00 00 08 00 00 
1 01 00 01 00 00 08 00 00 
0 01 01 01 00 00 08 00 00 07 00 01 00 
1 01 00 07 00 B0 06 00 00 
0 01 01 01 00 C8 06 00 00 00 00 00 00 
1 01 00 01 00 00 08 00 00 
1 09 00 08 00 00 00 00 00 1A 31 15 00 A4 1C 00 00 
1 01 00 01 00 00 08 00 00 
1 01 00 01 00 CC 06 00 00 
0 01 01 01 00 F8 06 00 00 83 00 00 00 
0 01 01 01 00 F4 06 00 00 A4 1C 00 00 
1 01 00 01 00 00 08 00 00 
0 01 01 01 00 F0 06 00 00 AA AA AA 2A 
0 01 01 01 00 EC 06 00 00 00 00 00 00 
0 01 01 01 00 E4 06 00 00 00 00 00 00 
0 01 01 01 00 CC 06 00 00 01 00 00 00 
1 01 00 01 00 00 08 00 00 
0 01 01 01 00 FC 06 00 00 30 00 00 00 
1 01 00 01 00 00 08 00 00 
1 01 00 01 00 00 08 00 00 
0 01 01 01 00 00 08 00 00 07 00 01 00 
1 01 00 07 00 B0 06 00 00 
1 01 00 01 00 00 08 00 00 
0 01 01 01 00 C8 06 00 00 00 00 00 00 
1 09 00 08 00 00 00 00 00 BE 4D 15 00 D3 1C 00 00 
1 01 00 01 00 00 08 00 00 
1 01 00 01 00 00 08 00 00 
1 01 00 01 00 CC 06 00 00 
0 01 01 01 00 F8 06 00 00 83 00 00 00 
0 01 01 01 00 F4 06 00 00 D3 1C 00 00 
0 01 01 01 00 F0 06 00 00 AA AA AA 2A 
0 01 01 01 00 EC 06 00 00 00 00 00 00 
0 01 01 01 00 E4 06 00 00 00 00 00 00 
1 01 00 01 00 00 08 00 00 
0 01 01 01 00 CC 06 00 00 01 00 00 00 
0 01 01 01 00 FC 06 00 00 30 00 00 00 
1 01 00 01 00 00 08 00 00 
1 01 00 01 00 10 06 00 00 
1 01 00 01 00 18 06 00 00 
1 01 00 01 00 00 08 00 00 
1 01 00 01 00 00 08 00 00 
0 01 01 01 00 00 08 00 00 07 00 01 00 
1 01 00 07 00 B0 06 00 00 
0 01 01 01 00 C8 06 00 00 00 00 00 00 
1 09 00 08 00 00 00 00 00 91 6A 15 00 75 1C 00 00 
1 01 00 01 00 00 08 00 00 
1 01 00 01 00 00 08 00 00 
1 01 00 01 00 CC 06 00 00 
0 01 01 01 00 F8 06 00 00 83 00 00 00 
0 01 01 01 00 F4 06 00 00 75 1C 00 00 
0 01 01 01 00 F0 06 00 00 AA AA AA 2A 
0 01 01 01 00 EC 06 00 00 00 00 00 00 
1 01 00 01 00 00 08 00 00 
0 01 01 01 00 E4 06 00 00 00 00 00 00 
0 01 01 01 00 CC 06 00 00 01 00 00 00 
0 01 01 01 00 FC 06 00 00 30 00 00 00 
1 01 00 01 00 00 08 00 00 
1 01 00 01 00 00 08 00 00 
0 01 01 01 00 00 08 00 00 07 00 01 00 
1 01 00 07 00 B0 06 00 00 
0 01 01 01 00 C8 06 00 00 00 00 00 00 
1 09 00 08 00 00 00 00 00 06 87 15 00 00 80 00 00 
1 01 00 01 00 00 08 00 00 
1 01 00 01 00 00 08 00 00 
0 01 01 01 00 00 08 00 00 07 00 01 00 
1 01 00 07 00 B0 06 00 00 
1 01 00 01 00 00 08 00 00 
0 01 01 01 00 C8 06 00 00 00 00 00 00 
1 01 00 01 00 00 08 00 00 
1 01 00 01 00 00 08 00 00 
1 09 00 08 00 00 00 00 00 06 07 16 00 9B 1C 00 00 
1 01 00 01 00 00 08 00 00 
1 01 00 01 00 00 08 00 00 
1 01 00 01 00 00 08 00 00 
1 01 00 01 00 CC 06 00 00 
0 01 01 01 00 F8 06 00 00 83 00 00 00 
1 01 00 01 00 00 08 00 00 
0 01 01 01 00 F4 06 00 00 9B 9C 00 00 
0 01 01 01 00 F0 06 00 00 AA AA AA 2A 
0 01 01 01 00 EC 06 00 00 00 00 00 00 
0 01 01 01 00 E4 06 00 00 00 00 00 00 
0 01 01 01 00 CC 06 00 00 01 00 00 00 
0 01 01 01 00 FC 06 00 00 30 00 00 00 
1 09 00 08 00 00 00 00 00 A1 23 16 00 D5 68 00 00 
1 01 00 01 00 00 08 00 00 
1 01 00 01 00 00 08 00 00 
1 01 00 01 00 00 08 00 00 
1 01 00 01 00 CC 06 00 00 
0 01 01 01 00 F8 06 00 00 83 00 00 00 
0 01 01 01 00 F4 06 00 00 D5 68 00 00 
0 01 01 01 00 F0 06 00 00 AA AA AA 2A 
0 01 01 01 00 EC 06 00 00 00 00 00 00 
1 01 00 01 00 00 08 00 00 
0 01 01 01 00 E4 06 00 00 00 00 00 00 
0 01 01 01 00 CC 06 00 00 01 00 00 00 
0 01 01 01 00 FC 06 00 00 30 00 00 00 
1 01 00 01 00 00 08 00 00 
1 01 00 01 00 00 08 00 00 
0 01 01 01 00 00 08 00 00 07 00 01 00 
1 01 00 07 00 B0 06 00 00 
1 01 00 01 00 00 08 00 00 
0 01 01 01 00 C8 06 00 00 00 00 00 00 
1 09 00 08 00 00 00 00 00 76 8C 16 00 00 80 00 00 
1 01 00 01 00 00 08 00 00 
1 01 00 01 00 00 08 00 00 
1 09 00 08 00 00 00 00 00 76 0C 17 00 5D 16 00 00 
1 01 00 01 00 00 08 00 00 
1 01 00 01 00 00 08 00 00 
1 01 00 01 00 CC 06 00 00 
0 01 01 01 00 F8 06 00 00 83 00 00 00 
0 01 01 01 00 F4 06 00 00 5D 96 00 00 
0 01 01 01 00 F0 06 00 00 AA AA AA 2A 
0 01 01 01 00 EC 06 00 00 00 00 00 00 
0 01 01 01 00 E4 06 00 00 00 00 00 00 
0 01 01 01 00 CC 06 00 00 01 00 00 00 
0 01 01 01 00 FC 06 00 00 30 00 00 00 
1 01 00 01 00 00 08 00 00 
1 01 00 01 00 00 08 00 00 
0 01 01 01 00 00 08 00 00 07 00 01 00 
1 01 00 07 00 B0 06 00 00 
0 01 01 01 00 C8 06 00 00 00 00 00 00 
1 01 00 01 00 00 08 00 00 
1 09 00 08 00 00 00 00 00 D3 22 17 00 96 3C 00 00 
1 01 00 01 00 00 08 00 00 
1 01 00 01 00 CC 06 00 00 
0 01 01 01 00 F8 06 00 00 83 00 00 00 
1 01 00 01 00 00 08 00 00 
0 01 01 01 00 F4 06 00 00 96 3C 00 00 
0 01 01 01 00 F0 06 00 00 AA AA AA 2A 
0 01 01 01 00 EC 06 00 00 00 00 00 00 
0 01 01 01 00 E4 06 00 00 00 00 00 00 
1 01 00 01 00 00 08 00 00 
0 01 01 01 00 CC 06 00 00 01 00 00 00 
0 01 01 01 00 FC 06 00 00 30 00 00 00 
1 01 00 01 00 00 08 00 00 
1 01 00 01 00 10 06 00 00 
1 01 00 01 00 18 06 00 00 
1 01 00 01 00 00 08 00 00 
0 01 01 01 00 00 08 00 00 07 00 01 00 
1 01 00 07 00 B0 06 00 00 
0 01 01 01 00 C8 06 00 00 00 00 00 00 
1 09 00 08 00 00 00 00 00 69 5F 17 00 39 33 00 00 
1 01 00 01 00 00 08 00 00 
1 01 00 01 00 00 08 00 00 
1 01 00 01 00 CC 06 00 00 
0 01 01 01 00 F8 06 00 00 83 00 00 00 
1 01 00 01 00 00 08 00 00 
0 01 01 01 00 F4 06 00 00 39 33 00 00 
0 01 01 01 00 F0 06 00 00 AA AA AA 2A 
0 01 01 01 00 EC 06 00 00 00 00 00 00 
0 01 01 01 00 E4 06 00 00 00 00 00 00 
1 01 00 01 00 00 08 00 00 
0 01 01 01 00 CC 06 00 00 01 00 00 00 
0 01 01 01 00 FC 06 00 00 30 00 00 00 
1 01 00 01 00 00 08 00 00 
0 01 01 01 00 00 08 00 00 07 00 01 00 
1 01 00 07 00 B0 06 00 00 
1 01 00 01 00 00 08 00 00 
0 01 01 01 00 C8 06 00 00 00 00 00 00 
1 09 00 08 00 00 00 00 00 A2 92 17 00 E6 2D 00 00 
1 01 00 01 00 00 08 00 00 
1 01 00 01 00 00 08 00 00 
1 01 00 01 00 CC 06 00 00 
0 01 01 01 00 F8 06 00 00 83 00 00 00 
1 01 00 01 00 00 08 00 00 
0 01 01 01 00 F4 06 00 00 E6 2D 00 00 
0 01 01 01 00 F0 06 00 00 AA AA AA 2A 
0 01 01 01 00 EC 06 00 00 00 00 00 00 
0 01 01 01 00 E4 06 00 00 00 00 00 00 
1 01 00 01 00 00 08 00 00 
0 01 01 01 00 CC 06 00 00 01 00 00 00 
0 01 01 01 00 FC 06 00 00 30 00 00 00 
1 01 00 01 00 00 08 00 00 
0 01 01 01 00 00 08 00 00 07 00 01 00 
1 01 00 07 00 B0 06 00 00 
1 01 00 01 00 00 08 00 00 
0 01 01 01 00 C8 06 00 00 00 00 00 00 
1 09 00 08 00 00 00 00 00 88 C0 17 00 C7 2A 00 00 
1 01 00 01 00 00 08 00 00 
1 01 00 01 00 00 08 00 00 
1 01 00 01 00 CC 06 00 00 
1 01 00 01 00 00 08 00 00 
0 01 01 01 00 F8 06 00 00 83 00 00 00 
0 01 01 01 00 F4 06 00 00 C7 2A 00 00 
0 01 01 01 00 F0 06 00 00 AA AA AA 2A 
0 01 01 01 00 EC 06 00 00 00 00 00 00 
1 01 00 01 00 00 08 00 00 
0 01 01 01 00 E4 06 00 00 00 00 00 00 
0 01 01 01 00 CC 06 00 00 01 00 00 00 
0 01 01 01 00 FC 06 00 00 30 00 00 00 
1 01 00 01 00 00 08 00 00 
1 01 00 01 00 00 08 00 00 
0 01 01 01 00 00 08 00 00 07 00 01 00 
1 01 00 07 00 B0 06 00 00 
0 01 01 01 00 C8 06 00 00 00 00 00 00 
1 01 00 01 00 00 08 00 00 
1 09 00 08 00 00 00 00 00 4F EB 17 00 35 28 00 00 
1 01 00 01 00 00 08 00 00 
1 01 00 01 00 CC 06 00 00 
0 01 01 01 00 F8 06 00 00 83 00 00 00 
0 01 01 01 00 F4 06 00 00 35 28 00 00 
1 01 00 01 00 00 08 00 00 
0 01 01 01 00 F0 06 00 00 AA AA AA 2A 
0 01 01 01 00 EC 06 00 00 00 00 00 00 
0 01 01 01 00 E4 06 00 00 00 00 00 00 
0 01 01 01 00 CC 06 00 00 01 00 00 00 
0 01 01 01 00 FC 06 00 00 30 00 00 00 
1 01 00 01 00 00 08 00 00 
1 01 00 01 00 00 08 00 00 
1 01 00 01 00 10 06 00 00 
1 01 00 01 00 18 06 00 00 
1 01 00 01 00 00 08 00 00 
1 01 00 01 00 00 08 00 00 
0 01 01 01 00 00 08 00 00 07 00 01 00 
1 01 00 07 00 B0 06 00 00 
0 01 01 01 00 C8 06 00 00 00 00 00 00 
1 01 00 01 00 00 08 00 00 
1 09 00 08 00 00 00 00 00 84 13 18 00 BD 26 00 00 
1 01 00 01 00 00 08 00 00 
1 01 00 01 00 CC 06 00 00 
1 01 00 01 00 00 08 00 00 
0 01 01 01 00 F8 06 00 00 83 00 00 00 
0 01 01 01 00 F4 06 00 00 BD 26 00 00 
0 01 01 01 00 F0 06 00 00 AA AA AA 2A 
0 01 01 01 00 EC 06 00 00 00 00 00 00 
1 01 00 01 00 00 08 00 00 
0 01 01 01 00 E4 06 00 00 00 00 00 00 
0 01 01 01 00 CC 06 00 00 01 00 00 00 
0 01 01 01 00 FC 06 00 00 30 00 00 00 
1 01 00 01 00 00 08 00 00 
1 01 00 01 00 00 08 00 00 
0 01 01 01 00 00 08 00 00 07 00 01 00 
1 01 00 07 00 B0 06 00 00 
1 01 00 01 00 00 08 00 00 
0 01 01 01 00 C8 06 00 00 00 00 00 00 
1 09 00 08 00 00 00 00 00 41 3A 18 00 E7 24 00 00 
1 01 00 01 00 00 08 00 00 
1 01 00 01 00 00 08 00 00 
1 01 00 01 00 00 08 00 00 
1 01 00 01 00 CC 06 00 00 
0 01 01 01 00 F8 06 00 00 83 00 00 00 
0 01 01 01 00 F4 06 00 00 E7 24 00 00 
1 01 00 01 00 00 08 00 00 
0 01 01 01 00 F0 06 00 00 AA AA AA 2A 
0 01 01 01 00 EC 06 00 00 00 00 00 00 
0 01 01 01 00 E4 06 00 00 00 00 00 00 
0 01 01 01 00 CC 06 00 00 01 00 00 00 
1 01 00 01 00 00 08 00 00 
0 01 01 01 00 FC 06 00 00 30 00 00 00 
1 01 00 01 00 00 08 00 00 
1 01 00 01 00 00 08 00 00 
0 01 01 01 00 00 08 00 00 07 00 01 00 
1 01 00 07 00 B0 06 00 00 
1 01 00 01 00 00 08 00 00 
0 01 01 01 00 C8 06 00 00 00 00 00 00 
1 09 00 08 00 00 00 00 00 28 5F 18 00 2B 24 00 00 
1 01 00 01 00 00 08 00 00 
1 01 00 01 00 00 08 00 00 
1 01 00 01 00 CC 06 00 00 
0 01 01 01 00 F8 06 00 00 83 00 00 00 
0 01 01 01 00 F4 06 00 00 2B 24 00 00 
1 01 00 01 00 00 08 00 00 
0 01 01 01 00 F0 06 00 00 AA AA AA 2A 
0 01 01 01 00 EC 06 00 00 00 00 00 00 
0 01 01 01 00 E4 06 00 00 00 00 00 00 
1 01 00 01 00 00 08 00 00 
0 01 01 01 00 CC 06 00 00 01 00 00 00 
0 01 01 01 00 FC 06 00 00 30 00 00 00 
1 01 00 01 00 00 08 00 00 
1 01 00 01 00 10 06 00 00 
1 01 00 01 00 18 06 00 00 
1 01 00 01 00 00 08 00 00 
1 01 00 01 00 00 08 00 00 
0 01 01 01 00 00 08 00 00 07 00 01 00 
1 01 00 07 00 B0 06 00 00 
0 01 01 01 00 C8 06 00 00 00 00 00 00 
1 01 00 01 00 00 08 00 00 
1 09 00 08 00 00 00 00 00 53 83 18 00 E2 22 00 00 
1 01 00 01 00 00 08 00 00 
1 01 00 01 00 CC 06 00 00 
1 01 00 01 00 00 08 00 00 
0 01 01 01 00 F8 06 00 00 83 00 00 00 
0 01 01 01 00 F4 06 00 00 E2 22 00 00 
0 01 01 01 00 F0 06 00 00 AA AA AA 2A 
1 01 00 01 00 00 08 00 00 
0 01 01 01 00 EC 06 00 00 00 00 00 00 
0 01 01 01 00 E4 06 00 00 00 00 00 00 
0 01 01 01 00 CC 06 00 00 01 00 00 00 
0 01 01 01 00 FC 06 00 00 30 00 00 00 
1 01 00 01 00 00 08 00 00 
1 01 00 01 00 00 08 00 00 
0 01 01 01 00 00 08 00 00 07 00 01 00 
1 01 00 07 00 B0 06 00 00 
0 01 01 01 00 C8 06 00 00 00 00 00 00 
1 01 00 01 00 00 08 00 00 
1 09 00 08 00 00 00 00 00 35 A6 18 00 26 22 00 00 
1 01 00 01 00 00 08 00 00 
1 01 00 01 00 CC 06 00 00 
0 01 01 01 00 F8 06 00 00 83 00 00 00 
1 01 00 01 00 00 08 00 00 
0 01 01 01 00 F4 06 00 00 26 22 00 00 
0 01 01 01 00 F0 06 00 00 AA AA AA 2A 
0 01 01 01 00 EC 06 00 00 00 00 00 00 
0 01 01 01 00 E4 06 00 00 00 00 00 00 
0 01 01 01 00 CC 06 00 00 01 00 00 00 
0 01 01 01 00 FC 06 00 00 30 00 00 00 
1 01 00 01 00 00 08 00 00 
1 01 00 01 00 00 08 00 00 
0 01 01 01 00 00 08 00 00 07 00 01 00 
1 01 00 07 00 B0 06 00 00 
0 01 01 01 00 C8 06 00 00 00 00 00 00 
1 01 00 01 00 00 08 00 00 
1 09 00 08 00 00 00 00 00 5B C8 18 00 3B 21 00 00 
1 01 00 01 00 00 08 00 00 
1 01 00 01 00 CC 06 00 00 
0 01 01 01 00 F8 06 00 00 83 00 00 00 
0 01 01 01 00 F4 06 00 00 3B 21 00 00 
0 01 01 01 00 F0 06 00 00 AA AA AA 2A 
0 01 01 01 00 EC 06 00 00 00 00 00 00 
0 01 01 01 00 E4 06 00 00 00 00 00 00 
1 01 00 01 00 00 08 00 00 
0 01 01 01 00 CC 06 00 00 01 00 00 00 
0 01 01 01 00 FC 06 00 00 30 00 00 00 
1 01 00 01 00 00 08 00 00 
0 01 01 01 00 00 08 00 00 07 00 01 00 
1 01 00 07 00 B0 06 00 00 
0 01 01 01 00 C8 06 00 00 00 00 00 00 
1 01 00 01 00 00 08 00 00 
1 09 00 08 00 00 00 00 00 96 E9 18 00 DD 20 00 00 
1 01 00 01 00 00 08 00 00 
1 01 00 01 00 00 08 00 00 
1 01 00 01 00 CC 06 00 00 
0 01 01 01 00 F8 06 00 00 83 00 00 00 
0 01 01 01 00 F4 06 00 00 DD 20 00 00 
0 01 01 01 00 F0 06 00 00 AA AA AA 2A 
0 01 01 01 00 EC 06 00 00 00 00 00 00 
1 01 00 01 00 00 08 00 00 
0 01 01 01 00 E4 06 00 00 00 00 00 00 
0 01 01 01 00 CC 06 00 00 01 00 00 00 
0 01 01 01 00 FC 06 00 00 30 00 00 00 
1 01 00 01 00 00 08 00 00 
1 01 00 01 00 00 08 00 00 
1 01 00 01 00 10 06 00 00 
1 01 00 01 00 18 06 00 00 
1 01 00 01 00 00 08 00 00 
1 01 00 01 00 00 08 00 00 
0 01 01 01 00 00 08 00 00 07 00 01 00 
1 01 00 07 00 B0 06 00 00 
0 01 01 01 00 C8 06 00 00 00 00 00 00 
1 01 00 01 00 00 08 00 00 
1 09 00 08 00 00 00 00 00 73 0A 19 00 7F 20 00 00 
1 01 00 01 00 00 08 00 00 
1 01 00 01 00 CC 06 00 00 
0 01 01 01 00 F8 06 00 00 83 00 00 00 
0 01 01 01 00 F4 06 00 00 7F 20 00 00 
0 01 01 01 00 F0 06 00 00 AA AA AA 2A 
0 01 01 01 00 EC 06 00 00 00 00 00 00 
1 01 00 01 00 00 08 00 00 
0 01 01 01 00 E4 06 00 00 00 00 00 00 
0 01 01 01 00 CC 06 00 00 01 00 00 00 
0 01 01 01 00 FC 06 00 00 30 00 00 00 
1 01 00 01 00 00 08 00 00 
1 01 00 01 00 00 08 00 00 
0 01 01 01 00 00 08 00 00 07 00 01 00 
1 01 00 07 00 B0 06 00 00 
0 01 01 01 00 C8 06 00 00 00 00 00 00 
1 01 00 01 00 00 08 00 00 
1 09 00 08 00 00 00 00 00 F2 2A 19 00 94 1F 00 00 
1 01 00 01 00 00 08 00 00 
1 01 00 01 00 00 08 00 00 
1 01 00 01 00 CC 06 00 00 
0 01 01 01 00 F8 06 00 00 83 00 00 00 
0 01 01 01 00 F4 06 00 00 94 1F 00 00 
0 01 01 01 00 F0 06 00 00 AA AA AA 2A 
1 01 00 01 00 00 08 00 00 
0 01 01 01 00 EC 06 00 00 00 00 00 00 
0 01 01 01 00 E4 06 00 00 00 00 00 00 
0 01 01 01 00 CC 06 00 00 01 00 00 00 
0 01 01 01 00 FC 06 00 00 30 00 00 00 
1 01 00 01 00 00 08 00 00 
1 01 00 01 00 00 08 00 00 
0 01 01 01 00 00 08 00 00 07 00 01 00 
1 01 00 07 00 B0 06 00 00 
1 01 00 01 00 00 08 00 00 
0 01 01 01 00 C8 06 00 00 00 00 00 00 
1 09 00 08 00 00 00 00 00 86 4A 19 00 7A 07 00 00 
1 01 00 01 00 00 08 00 00 
1 01 00 01 00 CC 06 00 00 
0 01 01 01 00 F8 06 00 00 83 00 00 00 
0 01 01 01 00 F4 06 00 00 7A 07 00 00 
0 01 01 01 00 F0 06 00 00 AA AA AA 2A 
0 01 01 01 00 EC 06 00 00 00 00 00 00 
1 01 00 01 00 00 08 00 00 
0 01 01 01 00 E4 06 00 00 00 00 00 00 
0 01 01 01 00 CC 06 00 00 01 00 00 00 
0 01 01 01 00 FC 06 00 00 30 00 00 00 
1 01 00 01 00 00 08 00 00 
1 01 00 01 00 00 08 00 00 
0 01 01 01 00 00 08 00 00 07 00 01 00 
1 01 00 07 00 B0 06 00 00 
1 01 00 01 00 00 08 00 00 
0 01 01 01 00 C8 06 00 00 00 00 00 00 
1 09 00 08 00 00 00 00 00 00 7F 12 00 1A 18 00 00 
1 01 00 01 00 00 08 00 00 
1 01 00 01 00 00 08 00 00 
0 01 01 01 00 00 08 00 00 07 00 01 00 
1 01 00 07 00 B0 06 00 00 
1 01 00 01 00 00 08 00 00 
1 01 01 01 00 C8 06 00 00 00 00 00 00 
1 01 00 01 00 CC 06 00 00 
0 01 01 01 00 F8 06 00 00 83 00 00 00 
0 01 01 01 00 F4 06 00 00 1A 18 00 00 
1 01 00 01 00 00 08 00 00 
0 01 01 01 00 F0 06 00 00 AA AA AA 2A 
0 01 01 01 00 EC 06 00 00 01 00 00 00 
0 01 01 01 00 E4 06 00 00 00 00 00 00 
0 01 01 01 00 CC 06 00 00 01 00 00 00 
1 01 00 01 00 00 08 00 00 
0 01 01 01 00 FC 06 00 00 30 00 00 00 
1 09 00 08 00 00 00 00 00 1A 97 12 00 D8 1E 00 00 
1 01 00 01 00 00 08 00 00 
1 01 00 01 00 00 08 00 00 
